3
6
3
9
15
16
6
3
13
3
2
3
3
12
3
5
6
11
3
3
12
5
5
10
9
4
29
10
21
3
4
20
3
3
13
3
5
43
2
12
6
3
7
10
3
3
14
9
11
18
3
3
3
2
4
10
14
4
3
9
3
14
13
7
8
12
17
9
3
16
3
3
5
2
3
3
17
9
3
3
10
3
3
15
14
3
11
3
3
3
3
8
18
8
7
15
14
3
3
34
5
2
12
2
2
14
8
12
3
3
3
3
16
11
10
6
6
4
2
11
3
3
19
3
3
16
3
5
2
20
9
7
15
20
3
9
3
3
3
3
3
8
3
5
17
3
3
4
5
2
3
3
4
10
3
3
16
3
31
7
3
3
3
7
13
15
3
3
3
3
8
10
5
11
5
6
6
3
3
8
3
3
3
12
5
3
3
3
10
3
3
2
13
6
3
17
30
13
4
16
14
3
3
26
3
5
44
16
3
27
15
3
3
3
11
9
4
8
3
14
3
10
3
11
3
8
3
3
3
3
6
7
2
16
3
3
25
18
5
5
3
3
3
3
9
18
4
3
3
3
3
3
10
4
12
9
3
17
3
9
3
8
10
3
3
20
5
3
3
8
3
18
15
5
3
10
8
3
16
3
8
5
7
3
7
15
3
9
16
3
8
5
11
5
9
3
3
11
15
6
24
10
3
3
3
9
19
12
12
3
3
3
14
14
8
9
10
14
12
3
3
11
3
12
4
3
3
8
9
3
12
3
13
3
9
17
3
31
3
14
8
3
3
4
8
16
3
3
5
3
11
8
3
5
3
3
3
6
3
3
3
3
20
5
3
3
22
10
6
10
3
4
3
6
9
3
3
9
3
21
30
3
5
11
3
14
6
16
5
9
3
3
3
10
9
21
11
18
3
4
6
10
3
5
15
13
12
3
5
2
14
16
10
7
3
3
6
9
3
3
2
7
3
10
3
14
14
19
16
3
10
3
18
3
7
10
3
14
3
11
3
3
16
10
3
21
12
3
16
7
2
3
15
9
3
3
3
3
4
10
11
6
14
15
3
9
2
13
11
11
3
8
3
3
13
3
9
5
3
5
3
12
3
5
3
3
3
14
9
8
14
10
11
9
20
9
3
3
3
12
22
8
2
16
2
12
3
18
30
3
7
7
3
11
29
3
2
3
8
9
10
3
8
3
21
8
3
19
7
10
3
3
17
2
3
3
2
5
3
3
3
3
20
10
3
24
2
12
6
3
14
3
13
3
4
3
7
3
3
3
3
3
3
27
10
3
12
3
14
3
3
3
16
21
11
3
3
7
3
19
3
3
3
12
28
16
3
3
3
3
3
17
8
5
12
4
3
7
5
3
14
3
5
3
34
19
3
3
3
13
11
3
3
3
3
3
17
4
3
37
12
4
9
19
12
11
15
4
3
2
8
2
3
23
3
2
3
13
11
3
4
3
16
10
11
3
23
3
14
9
10
4
3
10
15
3
3
2
3
3
9
4
7
14
11
14
3
16
3
10
10
8
5
4
3
3
9
7
3
13
3
17
18
8
12
51
10
21
3
11
7
5
3
14
11
3
9
3
14
3
6
13
15
2
21
6
14
3
3
4
3
8
3
8
29
4
6
5
14
3
3
3
9
3
16
3
3
3
5
8
7
9
5
9
19
14
12
3
3
3
9
12
3
12
14
2
9
7
3
3
2
5
8
3
3
9
15
3
16
2
12
16
2
5
3
3
3
36
6
16
3
3
15
8
10
15
3
11
3
3
7
13
9
10
4
8
3
3
12
8
3
6
3
3
3
14
3
3
4
8
3
19
3
11
3
3
13
3
3
3
2
9
3
3
3
3
15
3
3
4
3
11
3
7
3
7
8
16
9
32
3
13
15
3
3
3
9
9
2
13
9
8
7
3
17
3
3
12
15
2
3
19
5
9
8
5
3
2
5
8
3
13
7
3
3
9
15
11
3
14
3
3
3
11
9
11
12
6
8
3
9
3
14
3
10
6
7
3
3
9
3
3
38
4
15
2
3
10
3
4
3
4
17
2
8
3
4
3
3
5
3
2
3
3
4
3
3
9
3
10
11
14
16
3
33
3
6
3
3
20
8
5
5
3
18
20
2
16
3
15
21
16
10
14
4
16
12
3
3
3
3
15
5
3
9
3
4
3
3
17
3
3
4
4
3
3
3
12
3
12
3
3
9
3
3
15
13
3
3
2
11
14
25
9
4
3
15
3
10
12
19
2
3
9
3
3
9
6
4
3
