15
14
16
18
20
25
11
18
17
19
42
19
17
18
29
15
10
15
-1
17
22
23
66
37
19
17
23
24
31
23
21
14
52
26
12
14
20
21
20
25
-1
14
13
14
16
11
-1
9
51
25
33
21
11
13
18
32
20
26
26
19
21
-1
16
39
14
19
16
19
17
17
-1
40
27
16
11
15
34
20
-1
18
29
11
14
36
-1
29
19
15
44
14
29
13
15
21
23
18
21
13
24
16
34
13
17
13
17
-1
18
14
24
19
16
25
36
13
20
18
12
34
14
20
16
12
14
19
39
29
11
14
20
15
22
22
24
38
23
16
17
42
82
42
18
18
25
15
28
53
-1
27
14
19
24
27
24
19
-1
22
17
34
-1
19
12
29
52
37
16
20
24
-1
69
-1
35
13
26
19
39
20
33
15
18
34
15
20
15
19
15
20
15
15
17
21
47
12
19
22
16
16
-1
-1
17
-1
51
19
36
14
11
18
58
18
26
52
34
14
16
17
16
31
16
29
12
11
14
78
29
11
24
-1
25
21
17
39
17
46
19
12
38
12
20
69
-1
16
-1
20
20
19
12
11
-1
67
20
17
13
19
30
16
27
-1
18
14
22
22
24
15
13
13
10
40
13
15
13
22
17
24
25
23
19
50
18
23
15
14
16
28
20
15
15
14
31
16
29
12
15
56
13
21
17
17
22
31
14
21
14
13
-1
22
31
-1
15
-1
54
16
13
-1
-1
26
16
84
21
22
21
15
14
21
27
14
24
24
18
20
14
12
26
14
15
23
27
82
17
21
26
28
16
19
16
13
10
28
32
57
24
21
22
27
-1
24
12
23
27
-1
18
50
22
57
24
17
36
22
14
-1
35
18
24
12
14
14
23
21
36
29
23
24
-1
25
13
-1
11
14
13
-1
17
18
-1
11
23
44
15
19
12
32
25
22
14
23
-1
20
47
17
21
14
-1
-1
27
10
31
37
21
16
13
24
11
-1
20
9
15
26
15
11
15
11
13
-1
35
15
16
-1
23
-1
15
19
19
12
19
14
23
23
38
12
16
17
17
24
34
22
22
17
24
19
12
13
16
15
16
18
54
34
14
29
12
64
70
17
13
23
11
15
15
42
24
73
16
16
24
10
21
28
24
48
23
30
16
-1
11
18
29
29
-1
13
21
29
23
-1
24
24
16
13
-1
14
22
16
33
11
34
15
16
26
18
18
13
21
11
-1
14
32
-1
29
19
25
19
15
26
16
27
16
26
10
38
-1
19
22
14
26
13
30
-1
13
23
-1
26
19
36
23
33
-1
-1
16
-1
11
9
17
-1
18
25
21
21
14
41
78
27
19
25
26
19
12
22
18
23
64
20
23
17
23
17
40
11
17
20
26
13
-1
24
28
56
18
14
24
12
15
21
-1
-1
14
-1
30
29
31
-1
25
14
25
79
12
14
16
-1
21
51
13
15
16
25
39
13
31
16
-1
45
17
20
47
23
13
24
14
12
18
18
23
11
11
32
20
12
29
22
-1
19
21
18
48
22
28
27
34
15
16
28
36
13
32
36
-1
18
12
15
12
20
50
20
13
21
12
10
22
-1
16
14
18
17
22
22
28
23
-1
-1
34
-1
63
19
17
28
18
28
-1
-1
27
29
-1
71
17
42
29
13
30
35
10
15
15
19
21
19
24
38
21
72
92
19
25
14
68
23
-1
19
18
12
18
31
20
12
14
12
-1
-1
17
29
22
12
32
11
20
47
20
38
18
19
12
75
37
17
18
15
20
16
15
19
18
46
15
20
17
25
11
16
27
42
14
19
19
22
13
19
22
18
-1
14
17
18
20
14
18
-1
24
17
14
-1
23
16
13
16
17
-1
28
28
17
46
-1
13
20
-1
29
55
16
45
13
30
24
11
17
18
31
14
21
11
29
15
25
21
24
42
23
12
-1
18
13
14
-1
18
24
11
21
14
16
29
16
27
22
11
-1
25
19
25
-1
19
12
21
16
12
17
33
12
-1
15
12
29
30
78
11
12
11
21
21
20
67
29
12
14
18
16
-1
13
19
18
19
57
20
24
21
20
17
22
-1
-1
17
18
31
60
13
23
16
25
19
16
10
16
37
21
-1
18
26
14
19
13
45
78
13
33
25
18
13
21
16
20
25
13
15
21
29
22
17
16
21
60
15
23
30
27
40
33
-1
42
18
17
22
20
14
25
26
-1
12
17
23
82
15
32
14
25
17
-1
13
33
25
12
20
-1
20
15
37
18
15
20
15
17
11
36
17
42
21
26
22
18
13
14
14
18
21
14
-1
11
-1
19
25
22
19
12
-1
19
29
20
16
21
14
14
-1
35
12
16
21
32
43
-1
-1
-1
