-1
-1
-1
-1
43
24
26
-1
26
-1
21
17
-1
34
-1
29
16
21
-1
16
19
-1
-1
-1
-1
-1
17
-1
-1
22
21
-1
-1
-1
-1
38
45
-1
24
-1
-1
70
-1
-1
-1
14
27
-1
-1
-1
-1
59
-1
27
36
-1
21
21
-1
29
19
39
-1
-1
32
-1
26
-1
-1
20
-1
64
42
-1
-1
87
-1
-1
-1
-1
30
-1
-1
23
26
86
28
67
-1
22
24
-1
-1
-1
44
25
27
-1
38
-1
32
23
27
-1
-1
19
-1
27
-1
35
22
-1
-1
-1
28
-1
28
32
18
19
19
14
-1
-1
-1
25
-1
65
17
-1
27
27
-1
20
17
82
-1
-1
-1
15
-1
31
27
-1
29
-1
41
-1
-1
-1
-1
31
21
26
87
-1
-1
-1
-1
14
32
28
25
22
25
22
-1
33
26
-1
22
19
-1
42
-1
36
-1
-1
-1
-1
26
-1
21
-1
-1
-1
-1
-1
37
-1
-1
-1
22
-1
24
41
33
24
18
24
-1
17
18
-1
-1
36
-1
-1
21
42
32
-1
18
-1
-1
-1
-1
-1
26
21
-1
-1
22
-1
28
36
-1
-1
33
20
-1
-1
-1
26
31
-1
21
-1
29
21
-1
43
-1
-1
-1
27
39
21
18
-1
-1
-1
18
38
-1
45
-1
-1
20
25
22
-1
30
41
22
43
-1
15
-1
19
-1
-1
-1
22
-1
-1
26
-1
22
31
24
31
-1
-1
30
23
40
-1
-1
27
-1
-1
20
30
-1
33
-1
-1
-1
-1
27
-1
16
25
33
-1
47
-1
33
18
-1
44
-1
-1
-1
-1
-1
50
-1
-1
-1
-1
-1
-1
21
-1
-1
-1
16
26
22
48
25
21
-1
31
30
-1
-1
29
-1
16
22
16
31
-1
-1
19
23
-1
22
-1
-1
26
23
37
25
20
-1
69
-1
-1
-1
-1
-1
26
47
49
-1
56
-1
63
36
41
23
18
39
-1
39
29
-1
-1
-1
-1
-1
-1
-1
-1
-1
-1
-1
-1
15
27
-1
-1
-1
21
51
62
-1
-1
-1
-1
26
-1
-1
75
13
21
21
15
29
37
-1
66
35
18
-1
-1
32
-1
32
-1
-1
37
21
39
-1
-1
41
-1
18
-1
98
-1
-1
-1
-1
-1
-1
-1
-1
33
20
18
-1
-1
18
-1
-1
-1
-1
61
55
18
-1
-1
-1
21
-1
-1
15
-1
-1
46
-1
-1
29
58
-1
18
-1
-1
26
-1
-1
-1
14
19
-1
-1
-1
19
42
-1
20
-1
-1
54
-1
31
-1
-1
18
27
-1
27
-1
-1
25
35
28
15
-1
-1
-1
-1
-1
-1
-1
40
-1
25
21
-1
18
14
-1
-1
37
-1
16
-1
33
-1
-1
-1
-1
-1
-1
17
15
-1
-1
-1
35
-1
17
20
29
95
-1
29
-1
-1
25
-1
-1
17
-1
-1
-1
-1
46
-1
-1
35
23
27
-1
20
-1
-1
22
19
-1
30
-1
-1
-1
-1
-1
-1
31
39
-1
-1
29
22
30
-1
18
-1
39
-1
-1
20
-1
-1
31
20
-1
-1
-1
-1
-1
24
-1
28
-1
-1
-1
29
95
-1
-1
-1
-1
-1
-1
-1
-1
14
-1
-1
40
27
17
-1
-1
22
15
20
-1
15
19
14
19
38
-1
26
-1
16
16
24
-1
30
18
-1
-1
-1
-1
-1
21
23
-1
-1
-1
21
15
63
25
-1
-1
34
-1
23
16
34
35
-1
-1
23
25
14
26
-1
20
24
-1
23
26
-1
46
19
89
37
-1
-1
-1
22
28
-1
33
-1
-1
33
-1
-1
17
-1
-1
24
-1
33
-1
-1
-1
24
26
-1
26
-1
-1
-1
37
-1
-1
17
28
-1
-1
17
36
-1
-1
37
29
27
17
-1
24
36
39
53
-1
18
19
26
-1
18
36
78
-1
-1
-1
-1
-1
31
-1
40
24
-1
-1
19
57
-1
29
36
20
-1
45
-1
-1
-1
-1
-1
24
34
35
45
-1
-1
-1
-1
-1
-1
-1
18
38
-1
29
26
39
-1
18
40
-1
-1
73
-1
-1
30
-1
-1
-1
-1
61
-1
-1
-1
-1
-1
44
21
23
32
26
-1
-1
22
30
-1
50
22
32
-1
55
-1
46
24
-1
30
54
32
-1
-1
33
-1
-1
24
20
-1
-1
38
24
-1
-1
-1
26
-1
-1
-1
22
-1
23
31
27
-1
-1
-1
25
-1
-1
31
-1
19
32
48
34
17
45
-1
-1
35
-1
26
22
26
18
-1
-1
-1
26
80
-1
32
-1
-1
26
-1
28
-1
-1
-1
-1
29
-1
-1
-1
-1
22
-1
40
-1
25
-1
-1
-1
-1
14
28
30
30
-1
34
-1
-1
-1
-1
51
-1
-1
26
25
39
-1
-1
-1
-1
56
28
-1
40
-1
-1
30
23
-1
-1
23
-1
44
33
-1
-1
-1
25
-1
15
23
-1
-1
-1
-1
-1
-1
-1
-1
-1
-1
-1
-1
16
-1
-1
22
-1
-1
-1
-1
-1
20
-1
-1
-1
-1
-1
-1
30
-1
20
27
-1
-1
-1
-1
-1
24
32
56
-1
-1
-1
-1
-1
-1
55
-1
48
69
-1
23
-1
-1
25
-1
-1
-1
40
-1
-1
-1
-1
-1
20
16
25
15
