-1
-1
19
20
-1
14
26
-1
23
-1
44
28
47
-1
29
13
38
-1
49
18
-1
-1
-1
-1
-1
24
22
-1
-1
-1
-1
-1
47
23
41
23
-1
39
-1
-1
18
27
-1
22
21
-1
28
-1
31
-1
-1
26
34
-1
16
-1
20
-1
23
-1
-1
-1
-1
36
27
50
22
27
65
32
-1
33
19
-1
37
-1
-1
-1
-1
17
-1
25
32
-1
-1
25
-1
41
-1
28
-1
-1
18
17
20
-1
16
23
48
24
-1
-1
26
69
-1
27
25
18
18
-1
24
-1
-1
-1
22
46
26
15
-1
22
-1
28
-1
19
-1
-1
18
28
42
16
-1
42
30
-1
33
21
23
24
-1
-1
-1
16
33
41
-1
19
-1
34
53
-1
27
17
-1
-1
25
20
16
-1
38
-1
-1
-1
39
26
-1
-1
16
-1
-1
-1
29
-1
-1
-1
22
-1
-1
30
31
-1
-1
28
43
55
-1
-1
-1
-1
23
24
15
-1
27
22
14
-1
-1
-1
-1
24
-1
25
26
34
-1
-1
30
-1
23
32
-1
33
18
32
-1
-1
-1
-1
-1
-1
42
28
-1
44
-1
-1
21
-1
-1
-1
-1
-1
28
-1
-1
-1
-1
-1
-1
32
39
-1
27
-1
28
-1
-1
-1
20
-1
-1
16
-1
-1
-1
-1
34
-1
30
-1
30
-1
-1
-1
-1
75
-1
-1
20
27
25
-1
28
-1
19
-1
25
-1
15
-1
22
-1
19
-1
-1
30
-1
18
-1
31
26
-1
25
-1
-1
21
-1
15
18
-1
-1
18
19
-1
24
-1
32
-1
-1
-1
-1
-1
36
-1
14
45
19
-1
-1
-1
29
-1
33
28
40
-1
-1
-1
29
-1
17
17
-1
29
20
-1
-1
-1
-1
-1
44
-1
-1
-1
-1
-1
24
-1
31
-1
18
-1
-1
31
30
-1
31
-1
-1
-1
53
-1
-1
22
47
37
22
-1
-1
-1
-1
34
-1
31
29
27
-1
54
-1
34
-1
24
-1
15
-1
-1
-1
-1
-1
25
24
-1
-1
15
21
14
21
-1
60
26
-1
16
-1
-1
33
35
52
27
-1
-1
32
-1
22
-1
-1
-1
23
40
18
31
66
25
22
-1
-1
-1
25
27
-1
-1
18
32
-1
19
14
-1
24
31
-1
27
-1
-1
26
-1
-1
14
32
21
-1
-1
36
28
26
31
-1
-1
-1
37
30
90
27
-1
-1
-1
-1
-1
-1
-1
25
30
82
-1
24
-1
-1
-1
25
-1
62
-1
-1
34
-1
-1
-1
-1
41
-1
92
23
34
-1
-1
-1
15
-1
-1
-1
46
-1
40
38
35
15
-1
-1
97
-1
32
-1
36
-1
29
-1
-1
17
14
-1
-1
30
-1
-1
97
-1
-1
-1
-1
-1
23
30
-1
37
17
-1
18
-1
17
30
-1
54
-1
-1
-1
-1
-1
-1
-1
-1
20
28
69
20
-1
15
24
25
22
22
35
-1
37
-1
24
22
19
-1
22
23
26
-1
-1
-1
-1
-1
-1
44
-1
-1
29
20
-1
-1
28
58
-1
-1
31
31
22
-1
-1
21
-1
69
32
-1
-1
-1
49
24
28
22
35
23
36
-1
-1
-1
-1
24
-1
24
-1
-1
-1
-1
36
-1
-1
-1
-1
-1
-1
23
-1
21
34
-1
-1
-1
-1
-1
-1
20
25
-1
-1
-1
-1
-1
-1
24
79
35
-1
41
-1
16
-1
-1
28
-1
-1
-1
-1
-1
24
26
24
-1
54
22
27
-1
43
-1
64
50
-1
-1
17
42
32
60
26
19
-1
18
-1
-1
-1
25
-1
-1
23
23
54
13
30
31
23
-1
-1
-1
22
-1
25
-1
-1
-1
30
37
-1
16
-1
17
28
34
25
44
42
-1
-1
83
-1
19
30
-1
23
97
-1
25
-1
30
23
57
24
-1
-1
-1
-1
-1
-1
-1
-1
-1
-1
21
46
20
38
17
31
55
26
-1
16
29
-1
21
35
-1
22
27
-1
35
20
28
-1
-1
-1
-1
32
24
-1
17
-1
17
-1
-1
-1
-1
22
-1
-1
-1
-1
38
37
-1
48
-1
-1
26
-1
38
-1
-1
36
28
23
-1
-1
-1
-1
33
-1
-1
-1
20
-1
24
-1
22
-1
-1
-1
26
-1
28
-1
69
50
-1
-1
22
-1
-1
20
23
-1
16
28
17
-1
-1
-1
-1
27
22
-1
-1
29
60
-1
-1
30
14
20
-1
-1
31
-1
-1
20
-1
25
-1
27
-1
-1
-1
-1
38
19
-1
45
-1
28
26
-1
18
-1
-1
-1
-1
24
14
-1
-1
23
19
32
-1
27
24
18
39
-1
-1
25
-1
-1
25
-1
63
-1
-1
-1
-1
-1
-1
-1
45
-1
28
-1
-1
33
-1
-1
58
24
16
68
24
-1
23
-1
-1
15
32
-1
45
27
31
-1
-1
28
31
-1
-1
-1
39
-1
-1
30
-1
-1
-1
-1
69
-1
34
26
-1
-1
-1
22
-1
14
25
25
-1
-1
-1
26
-1
-1
38
21
21
27
45
-1
24
26
-1
-1
44
41
26
-1
-1
-1
25
-1
-1
-1
51
-1
-1
-1
36
30
-1
-1
23
-1
-1
-1
-1
32
-1
-1
-1
-1
24
20
22
-1
17
16
29
-1
19
17
-1
-1
19
