18
12
9
8
8
21
18
11
51
13
11
15
25
13
8
10
14
18
27
10
12
9
17
8
29
8
25
25
26
33
12
10
18
16
8
16
8
9
11
21
8
16
17
17
11
9
19
10
30
27
29
10
20
18
25
28
14
23
17
8
28
14
8
32
11
10
16
18
11
15
12
13
8
14
11
13
13
12
9
23
54
11
15
8
16
19
13
18
44
8
9
22
11
33
23
16
14
10
26
13
11
9
22
10
18
12
10
9
9
13
9
15
13
18
26
12
34
17
13
8
25
36
44
13
15
10
73
10
8
14
31
29
20
22
8
13
21
10
17
21
9
16
9
58
14
16
20
9
8
10
17
12
14
10
29
22
9
24
21
28
19
-1
34
11
7
23
15
13
10
8
10
39
13
18
14
21
25
43
26
11
8
12
22
9
12
22
10
16
11
12
20
8
27
18
10
20
23
14
15
10
13
11
9
10
9
22
15
64
8
19
15
8
15
28
15
51
15
15
10
9
16
26
18
11
13
27
9
27
10
15
27
12
11
11
12
13
10
21
37
11
13
14
8
9
20
11
14
12
24
11
27
10
20
29
17
17
10
8
37
12
21
14
22
15
18
13
28
21
18
21
10
15
10
9
23
18
19
20
41
18
7
18
10
11
15
14
19
16
12
18
12
11
9
23
43
25
11
10
14
8
12
9
17
27
9
9
11
19
9
26
11
11
24
17
11
28
21
16
10
9
13
9
18
15
8
9
13
11
10
16
12
17
9
12
7
9
14
9
26
14
9
12
11
13
11
9
14
8
9
13
17
14
8
18
10
8
11
27
29
16
20
22
8
9
18
31
17
11
13
19
21
23
7
11
28
7
21
8
23
11
17
13
9
12
-1
9
8
9
21
18
10
14
10
40
17
7
12
16
13
9
13
21
9
15
9
9
18
22
19
23
11
16
15
9
21
10
20
15
76
14
16
14
9
20
21
8
15
17
17
9
19
10
14
7
22
10
11
71
10
9
8
9
10
13
10
9
11
10
30
11
11
19
13
27
7
13
18
22
9
11
28
11
35
15
9
36
26
9
42
12
19
16
8
15
19
16
14
7
8
19
10
12
9
17
11
26
13
17
11
14
15
11
10
18
16
11
23
14
12
18
15
19
59
16
12
9
16
17
7
14
10
17
14
12
14
28
10
12
10
8
9
13
22
33
12
9
8
15
30
8
20
14
21
22
11
20
9
8
14
-1
17
11
21
17
18
15
11
10
8
13
20
31
18
12
12
19
13
10
9
25
11
26
21
7
8
13
11
32
22
20
11
9
8
16
24
37
13
12
43
14
15
12
38
9
20
46
17
16
7
20
9
9
7
15
8
15
13
11
10
8
10
16
17
15
12
14
8
25
13
15
26
19
17
-1
15
15
9
9
27
8
14
11
11
25
8
13
27
9
27
8
21
21
17
12
7
18
12
22
18
33
9
33
9
13
17
10
19
10
10
12
23
27
11
20
28
13
15
9
12
21
14
24
21
8
13
24
19
16
16
13
25
18
46
13
23
13
16
14
34
23
24
12
11
18
11
9
9
10
14
9
11
12
16
10
7
20
26
13
18
13
10
30
29
14
8
7
9
14
12
11
8
13
14
16
36
21
8
13
9
16
24
9
14
14
15
16
14
21
14
19
11
16
15
18
12
9
13
35
9
10
14
25
7
9
17
16
9
10
22
23
20
10
18
22
21
12
8
22
45
17
17
21
14
28
14
10
10
10
21
9
22
10
17
9
24
11
15
20
8
19
12
9
11
10
7
11
24
10
27
11
15
18
8
38
20
9
19
21
13
12
12
14
7
20
11
12
9
8
9
13
25
9
12
7
25
21
33
11
17
7
10
15
25
15
14
23
18
14
9
47
14
12
17
12
21
18
17
29
15
12
9
10
22
8
9
19
9
8
15
32
24
12
10
19
11
24
22
17
30
9
12
14
17
45
14
26
19
9
15
18
19
11
18
8
16
24
34
24
28
9
31
13
10
8
24
21
13
33
10
32
15
11
22
13
13
14
9
16
11
21
11
14
12
12
10
12
20
11
9
9
19
11
12
11
14
11
13
26
24
15
13
14
23
7
13
26
10
14
13
39
17
16
18
17
11
18
15
13
25
14
8
21
11
16
14
12
10
11
17
13
17
9
24
9
27
99
18
27
12
17
19
14
11
23
23
17
8
8
18
18
15
10
9
9
17
28
11
29
33
22
29
14
14
33
17
10
8
12
11
48
13
19
10
24
27
9
17
14
8
9
