2
3
3
2
2
27
2
2
2
2
17
2
3
15
2
2
2
2
3
20
3
2
2
20
10
9
10
3
12
2
18
2
2
3
2
5
2
2
6
15
8
3
2
2
2
2
2
3
2
16
2
3
2
7
2
2
2
2
13
2
2
2
3
2
2
2
3
2
3
2
18
3
2
10
2
2
2
12
2
4
6
2
3
2
2
2
20
3
3
3
2
3
2
3
2
2
6
8
2
11
9
2
3
18
3
8
2
2
16
9
2
11
11
2
-1
2
2
9
2
2
16
2
2
9
2
2
4
2
2
2
3
2
2
15
2
10
2
2
2
2
2
2
2
2
2
3
11
3
2
9
2
2
2
2
2
9
4
2
2
20
2
9
11
13
7
2
2
2
10
2
5
2
2
2
8
7
2
3
8
2
6
2
2
18
2
21
2
3
2
2
2
9
3
2
2
2
2
2
2
12
3
2
15
3
3
2
2
8
3
11
17
2
2
9
2
2
2
2
2
10
8
4
4
3
2
11
21
2
18
3
17
2
3
2
23
27
18
14
16
20
2
-1
3
2
3
2
2
10
10
3
5
2
2
2
2
2
3
2
3
2
2
2
2
9
14
2
3
10
2
3
2
2
3
2
10
15
2
15
2
2
2
2
2
3
11
16
2
12
2
10
2
5
2
2
2
3
2
2
2
-1
2
3
2
3
7
2
3
16
2
16
3
2
3
3
4
5
2
2
2
2
2
3
5
2
9
17
8
2
2
3
2
2
3
10
3
2
2
3
19
9
2
3
2
20
2
2
2
15
2
14
2
2
22
7
9
2
2
2
9
2
2
2
2
-1
2
2
9
3
13
2
2
12
2
2
2
3
2
2
16
3
3
3
2
4
2
2
2
2
2
5
2
2
2
2
2
2
2
2
2
7
11
2
2
3
2
11
3
8
3
2
2
11
2
2
3
3
2
2
2
2
2
18
3
2
3
2
3
2
2
2
3
2
7
3
2
2
2
3
2
9
2
3
2
2
2
2
3
13
3
2
10
2
19
3
2
3
10
3
2
2
3
3
7
2
4
2
3
2
2
2
14
15
2
2
2
3
16
2
2
2
3
2
5
14
3
4
3
2
2
3
3
10
2
8
2
19
2
2
4
2
2
11
2
2
2
3
3
7
28
2
2
9
2
2
3
3
2
2
3
9
2
16
16
3
6
3
10
2
2
2
2
2
2
2
6
2
3
3
11
2
2
3
2
2
2
2
2
3
2
3
5
2
2
2
2
3
2
2
2
2
2
7
2
2
7
13
2
2
14
2
2
2
2
2
14
2
9
10
2
2
13
2
10
2
3
2
3
6
3
2
13
2
2
2
2
15
2
2
2
9
5
2
6
4
21
2
16
2
2
2
2
2
2
2
8
5
2
2
3
5
3
2
2
2
2
2
2
2
2
2
2
27
2
2
2
3
2
13
2
11
12
12
2
18
12
3
2
13
16
2
9
22
2
2
7
2
15
2
2
2
2
12
5
2
2
2
2
2
2
2
2
7
2
6
2
5
16
2
2
9
2
2
11
2
11
31
2
14
21
2
2
2
9
2
2
2
2
2
3
3
2
2
2
2
2
6
2
3
2
2
3
2
2
10
2
2
13
38
2
2
11
12
13
2
9
2
7
13
2
2
2
3
7
2
3
2
32
2
2
2
8
9
3
2
2
3
2
17
2
4
2
3
2
2
5
2
3
3
2
3
10
4
2
2
2
20
2
13
2
2
3
2
2
16
2
4
2
7
2
2
3
3
15
2
2
2
2
3
2
2
28
2
22
2
2
2
2
12
2
11
3
2
30
10
10
41
4
15
2
3
26
3
2
2
2
2
16
3
2
2
6
2
2
3
3
2
2
2
2
3
2
2
4
2
2
12
2
2
5
2
2
2
2
3
2
5
3
3
19
2
2
6
2
2
13
3
9
3
2
3
14
3
11
3
2
18
15
3
12
27
2
2
2
3
3
2
18
9
3
13
2
2
2
9
2
2
2
2
3
3
2
7
9
4
3
8
2
7
2
10
13
2
3
2
2
16
2
26
9
26
2
11
13
2
3
9
2
3
2
2
2
2
2
3
2
3
3
5
2
2
10
2
6
2
18
2
2
3
2
2
2
2
2
2
2
2
2
2
2
2
2
2
7
4
4
8
16
3
2
2
3
2
2
3
2
2
16
2
2
2
10
2
20
2
2
2
21
3
2
2
3
2
3
3
2
3
3
2
2
3
8
2
2
2
3
2
28
2
3
15
