18
24
24
13
17
12
25
25
11
-1
18
36
24
10
31
11
-1
21
22
22
20
13
20
21
16
23
15
22
24
31
18
24
22
15
-1
20
24
18
14
12
-1
30
16
27
33
20
12
16
20
13
15
27
21
23
32
39
-1
17
25
19
15
28
94
10
16
25
12
12
13
24
32
17
-1
19
26
28
26
59
13
12
26
29
33
22
31
15
41
16
22
-1
-1
27
19
16
20
15
23
-1
23
-1
12
17
-1
67
25
14
13
13
23
13
11
18
20
17
11
26
21
17
30
61
12
25
-1
-1
83
12
-1
83
-1
29
13
25
-1
13
30
-1
13
13
14
13
40
11
71
28
-1
11
19
14
40
-1
23
-1
29
19
14
23
17
15
15
18
27
14
-1
20
36
-1
22
24
10
13
15
29
13
26
12
36
34
28
23
16
23
22
-1
33
13
9
13
14
37
21
44
39
19
31
-1
49
18
-1
20
19
21
14
-1
11
20
30
18
17
12
23
-1
12
11
17
15
14
33
19
27
24
17
15
52
22
34
73
27
15
20
28
26
13
-1
17
38
21
57
48
26
27
32
13
67
12
44
42
70
15
27
11
-1
19
17
16
26
25
12
29
19
14
-1
16
12
22
30
18
31
19
14
20
13
35
25
17
-1
45
23
11
-1
12
32
17
12
68
24
14
20
22
15
13
15
25
14
68
45
13
14
17
15
26
32
37
18
60
13
-1
18
33
15
53
17
17
55
16
12
15
22
12
15
13
14
36
11
14
13
27
22
-1
11
18
27
64
19
14
8
-1
19
-1
30
36
25
42
21
24
14
16
97
30
31
40
20
29
13
23
24
43
20
18
23
10
28
19
39
15
23
25
36
13
26
-1
43
31
41
27
18
12
24
10
16
37
16
43
24
21
-1
46
16
38
-1
11
20
24
21
27
-1
22
19
15
19
21
18
20
26
23
17
13
11
27
21
94
48
-1
23
15
13
19
21
20
11
23
30
40
15
71
11
15
15
15
26
29
23
17
55
15
17
15
22
-1
13
23
23
12
34
20
17
-1
24
13
57
16
26
22
22
17
15
19
13
19
19
-1
14
18
17
14
51
19
25
-1
67
21
-1
44
20
22
15
18
32
23
13
16
12
18
27
-1
11
46
23
17
35
12
41
19
21
-1
11
25
18
14
18
25
19
35
20
29
14
39
16
44
10
27
22
22
20
29
13
23
25
40
18
-1
21
17
15
13
16
22
13
15
12
26
30
21
23
-1
28
15
21
25
18
16
10
43
30
22
31
18
47
19
58
16
18
18
-1
-1
11
16
23
25
14
15
53
13
17
13
28
19
14
-1
20
-1
24
18
-1
14
18
35
15
14
17
25
23
-1
14
26
23
17
15
40
-1
23
15
-1
37
-1
11
15
17
21
43
-1
16
13
14
37
15
26
25
35
-1
14
22
11
20
14
14
11
15
15
62
20
13
15
-1
17
24
77
13
30
35
35
22
35
14
18
26
14
19
11
18
-1
29
20
-1
20
36
24
58
12
20
22
31
11
36
22
28
40
11
19
18
18
14
16
-1
21
12
15
24
12
31
22
22
20
33
27
24
11
60
11
13
14
11
29
20
17
36
26
20
14
16
14
43
-1
17
13
63
27
48
12
29
16
10
17
18
17
17
30
38
15
15
15
61
19
25
-1
16
19
-1
12
35
23
16
17
15
25
19
23
12
24
-1
20
32
13
21
12
23
-1
31
19
20
13
19
13
16
12
22
12
20
16
27
13
29
11
12
41
43
18
20
33
24
-1
16
26
18
45
12
-1
66
11
25
46
14
31
40
23
50
19
-1
25
20
22
26
28
30
-1
43
16
26
12
32
25
24
25
31
22
15
33
18
28
19
12
-1
15
18
26
18
26
52
39
39
15
13
16
13
32
70
15
24
25
22
-1
31
19
20
22
37
26
17
21
13
43
23
19
22
56
11
-1
-1
16
14
23
18
28
-1
61
13
14
10
15
14
18
37
34
27
39
-1
11
29
24
13
27
16
23
63
24
19
14
-1
14
-1
17
17
21
25
22
15
24
31
22
29
10
12
17
13
13
34
15
-1
24
26
24
18
12
13
29
16
13
14
28
27
16
16
22
26
38
24
25
21
16
21
23
33
48
22
14
20
54
-1
18
21
12
13
18
22
26
14
11
30
10
24
19
15
26
22
43
-1
12
14
-1
15
19
33
41
29
33
29
20
-1
19
24
25
31
19
24
15
21
20
26
26
21
21
26
16
19
19
22
29
15
18
19
21
14
-1
-1
31
17
29
26
18
-1
-1
17
-1
23
24
55
18
18
21
15
16
33
20
26
13
23
-1
17
25
22
-1
