13
19
19
22
26
13
37
43
28
43
27
72
-1
86
-1
-1
-1
-1
85
31
73
37
31
56
-1
-1
-1
16
66
88
-1
16
-1
22
20
-1
98
-1
26
63
17
-1
49
-1
-1
13
-1
17
62
16
50
23
27
28
60
26
-1
27
70
12
23
-1
19
55
29
21
87
45
13
14
-1
-1
44
34
76
25
47
-1
36
66
24
-1
69
-1
19
92
32
17
-1
10
-1
13
15
17
-1
27
20
-1
24
87
37
47
-1
-1
25
18
20
-1
80
64
45
28
55
27
-1
-1
16
-1
43
32
19
46
-1
52
22
19
65
47
-1
-1
24
-1
13
11
44
32
11
39
28
25
42
9
-1
46
78
-1
-1
38
-1
-1
18
29
59
51
31
18
83
13
94
11
79
43
12
22
42
42
-1
-1
-1
22
-1
-1
24
-1
36
16
65
29
31
-1
21
-1
15
27
22
57
44
-1
-1
45
21
-1
-1
30
-1
87
14
-1
-1
44
76
38
-1
-1
73
63
22
13
-1
-1
31
19
37
33
12
18
14
86
12
-1
-1
38
-1
-1
51
92
11
39
52
47
33
23
59
68
24
48
-1
-1
21
-1
-1
47
37
22
-1
58
-1
19
26
41
93
71
-1
-1
17
11
28
-1
26
16
-1
16
29
-1
72
32
33
86
27
36
-1
-1
-1
-1
15
39
-1
14
55
12
-1
36
32
-1
32
-1
-1
24
17
53
26
95
23
24
66
79
-1
94
33
-1
31
26
36
-1
89
17
12
58
53
24
-1
18
26
-1
54
34
10
24
-1
17
52
58
19
18
86
95
-1
-1
70
59
-1
22
93
26
34
-1
55
-1
24
19
33
-1
30
-1
-1
17
-1
78
-1
-1
61
75
28
22
-1
-1
19
12
27
80
22
11
-1
71
22
-1
-1
55
-1
14
17
-1
13
92
39
-1
37
72
84
-1
38
15
47
-1
-1
18
24
-1
86
82
84
-1
-1
-1
65
66
-1
22
15
13
64
-1
61
-1
12
28
73
12
-1
21
53
52
-1
22
44
17
23
13
63
27
45
66
81
-1
-1
38
-1
-1
-1
-1
50
9
23
36
43
-1
-1
-1
-1
14
14
21
-1
-1
-1
37
44
20
-1
61
45
-1
10
-1
41
30
-1
-1
16
40
62
16
15
29
-1
-1
37
25
29
29
39
22
-1
27
95
87
44
-1
-1
-1
-1
64
44
97
33
58
34
51
36
-1
15
16
21
18
82
-1
57
40
36
-1
55
45
52
-1
-1
-1
18
-1
-1
69
14
-1
-1
-1
36
25
27
45
33
-1
97
55
22
32
-1
-1
58
-1
59
45
69
13
40
21
-1
-1
40
24
-1
26
72
96
-1
-1
16
-1
-1
57
21
-1
-1
90
23
-1
31
13
34
63
39
29
-1
71
27
37
41
51
36
23
24
23
13
22
-1
37
-1
18
75
17
-1
67
46
-1
66
15
19
-1
13
32
15
-1
38
-1
84
11
-1
93
24
11
-1
35
-1
-1
-1
30
19
12
38
-1
-1
-1
26
9
19
64
33
19
22
38
-1
62
71
82
41
31
49
-1
48
43
46
28
-1
65
-1
-1
84
-1
44
71
-1
51
-1
10
32
-1
27
11
-1
-1
-1
27
75
-1
11
18
16
26
14
-1
10
36
-1
68
-1
24
15
25
15
25
31
50
-1
-1
-1
-1
29
51
-1
94
-1
57
-1
55
-1
14
-1
-1
60
-1
90
15
-1
30
98
41
34
-1
49
-1
21
-1
24
-1
19
17
10
23
-1
-1
73
-1
30
96
90
50
33
90
43
-1
-1
-1
11
-1
15
60
44
12
-1
-1
13
32
-1
26
24
-1
15
19
73
17
-1
55
-1
73
-1
19
-1
-1
62
-1
62
12
38
69
-1
48
42
70
77
-1
73
77
79
47
-1
-1
94
-1
82
19
25
21
31
11
43
71
24
26
-1
12
-1
71
-1
11
18
26
18
-1
58
13
14
13
23
18
-1
-1
20
-1
36
16
11
44
62
-1
34
12
-1
47
68
14
60
20
-1
29
28
16
50
39
-1
19
34
-1
19
59
38
-1
18
13
-1
-1
43
49
29
-1
27
13
-1
35
30
11
57
51
-1
21
31
38
-1
17
20
33
96
74
52
18
21
82
-1
19
-1
39
-1
11
28
-1
-1
-1
16
-1
52
-1
20
34
56
52
18
28
33
13
56
-1
11
-1
10
27
21
21
-1
49
-1
25
20
28
84
71
86
-1
-1
46
10
-1
-1
25
29
19
49
-1
-1
32
-1
-1
33
20
55
15
-1
67
99
65
-1
-1
85
19
10
30
61
-1
61
20
82
11
-1
-1
-1
-1
-1
53
72
-1
-1
28
-1
78
27
68
49
-1
82
57
59
17
11
-1
-1
57
45
53
11
19
50
99
-1
26
81
16
52
-1
25
-1
12
-1
-1
43
28
41
46
93
39
60
73
-1
-1
75
-1
29
27
54
28
39
-1
23
28
73
-1
-1
39
13
-1
77
91
100
-1
-1
