15
22
13
-1
-1
-1
25
42
23
21
-1
-1
-1
-1
-1
-1
-1
18
-1
-1
-1
-1
24
-1
-1
-1
-1
22
-1
26
-1
-1
37
37
32
-1
92
37
-1
-1
-1
28
-1
24
-1
-1
34
33
-1
-1
29
-1
-1
31
-1
27
29
27
-1
-1
33
54
40
-1
-1
-1
26
-1
33
26
38
27
37
44
-1
-1
-1
43
-1
-1
-1
26
21
-1
-1
-1
-1
-1
-1
-1
26
-1
-1
16
21
-1
21
-1
-1
-1
-1
-1
31
-1
20
31
-1
22
29
-1
-1
18
33
-1
37
-1
14
38
-1
-1
33
34
-1
37
33
16
-1
30
29
39
39
-1
-1
-1
-1
21
-1
-1
32
28
-1
29
-1
-1
-1
-1
-1
-1
-1
-1
21
43
-1
-1
-1
24
42
-1
26
25
29
22
21
22
-1
35
22
29
-1
-1
23
-1
-1
-1
-1
-1
-1
-1
28
-1
-1
18
-1
28
42
98
-1
-1
-1
22
-1
-1
-1
23
26
19
-1
40
-1
42
18
-1
-1
-1
24
45
-1
55
-1
-1
-1
23
21
-1
-1
42
27
-1
-1
33
15
18
-1
46
-1
42
33
-1
-1
21
32
31
87
60
20
-1
-1
38
25
16
-1
28
41
-1
-1
-1
29
36
45
22
48
-1
23
-1
-1
-1
-1
-1
-1
-1
-1
29
25
-1
35
58
30
-1
-1
-1
-1
36
17
25
-1
-1
-1
-1
-1
-1
14
-1
18
35
-1
-1
34
35
37
28
-1
23
24
16
20
18
26
-1
35
-1
28
-1
-1
-1
24
18
27
-1
-1
32
76
91
40
18
-1
-1
-1
-1
38
-1
22
19
-1
28
-1
46
25
-1
-1
-1
23
-1
24
-1
-1
42
37
100
-1
-1
29
-1
-1
-1
28
42
-1
-1
17
-1
52
48
21
-1
-1
-1
-1
25
-1
-1
39
19
26
-1
-1
27
-1
39
-1
42
-1
18
-1
33
-1
-1
-1
-1
22
22
25
18
-1
52
49
18
-1
27
-1
16
-1
-1
16
-1
21
46
-1
-1
-1
-1
21
-1
-1
74
24
-1
22
-1
35
27
-1
36
-1
67
21
-1
-1
-1
24
-1
-1
25
33
15
49
16
-1
-1
21
-1
40
26
33
23
-1
-1
-1
35
26
60
-1
-1
-1
-1
-1
18
-1
-1
-1
-1
27
-1
27
38
-1
18
17
-1
19
31
-1
29
-1
23
-1
21
-1
23
-1
29
16
-1
-1
-1
37
-1
-1
-1
-1
-1
-1
-1
28
19
-1
15
31
-1
22
15
91
-1
55
-1
23
23
-1
-1
23
23
20
-1
28
18
20
16
41
-1
34
-1
-1
-1
29
-1
-1
31
-1
15
-1
-1
-1
-1
50
26
24
-1
22
21
21
-1
17
-1
-1
-1
-1
22
-1
27
28
48
-1
-1
-1
36
28
-1
20
-1
-1
-1
28
24
-1
-1
-1
-1
-1
46
29
-1
-1
-1
92
-1
-1
-1
19
-1
-1
40
16
22
27
-1
43
-1
-1
-1
19
-1
-1
17
-1
-1
-1
-1
27
46
-1
-1
69
-1
42
-1
27
22
24
15
-1
-1
-1
-1
-1
17
-1
37
-1
-1
-1
27
53
-1
-1
22
-1
22
-1
33
-1
37
-1
-1
-1
-1
27
-1
26
33
23
-1
-1
-1
-1
-1
29
19
-1
31
34
30
-1
17
-1
-1
-1
27
-1
-1
25
-1
29
26
-1
37
29
-1
30
-1
-1
21
19
-1
31
16
18
42
23
-1
38
-1
-1
29
16
21
-1
-1
-1
-1
50
-1
-1
-1
-1
-1
-1
-1
20
-1
28
24
23
20
31
-1
14
33
-1
-1
-1
-1
-1
-1
74
89
-1
32
-1
-1
18
19
-1
32
-1
24
16
29
28
-1
-1
45
-1
49
18
31
-1
-1
25
17
28
-1
-1
19
-1
-1
-1
-1
20
-1
42
-1
-1
29
-1
-1
49
19
30
-1
16
-1
-1
-1
-1
19
-1
-1
-1
26
-1
18
-1
-1
33
36
-1
27
19
-1
28
21
29
27
-1
42
20
-1
-1
21
-1
-1
-1
64
22
18
-1
-1
-1
25
-1
-1
35
53
67
23
-1
-1
-1
-1
-1
51
33
-1
-1
-1
-1
-1
36
26
37
-1
19
-1
20
23
20
-1
-1
-1
21
14
-1
-1
16
17
-1
26
32
-1
22
-1
-1
23
24
-1
38
67
19
-1
-1
54
25
-1
25
-1
-1
-1
-1
16
15
-1
-1
-1
19
-1
-1
-1
-1
-1
45
25
20
22
29
53
45
-1
-1
18
-1
23
-1
23
-1
64
-1
-1
-1
-1
-1
-1
-1
-1
-1
-1
-1
-1
-1
30
-1
36
-1
40
-1
-1
-1
39
-1
18
23
17
95
-1
-1
-1
38
-1
-1
42
-1
30
-1
-1
-1
-1
19
26
16
-1
-1
-1
-1
-1
-1
-1
-1
33
-1
65
24
-1
31
-1
23
19
-1
-1
-1
20
-1
-1
-1
24
23
38
-1
35
-1
-1
-1
-1
24
-1
39
-1
-1
-1
22
23
51
-1
25
32
75
23
18
25
27
-1
-1
-1
18
-1
-1
-1
18
31
-1
22
24
18
-1
16
-1
-1
-1
-1
80
76
16
25
-1
-1
-1
-1
-1
-1
-1
18
-1
25
