62
397
37
25
-1
-1
40
170
169
20
76
74
61
187
174
-1
167
228
28
-1
14
86
256
27
-1
540
77
14
-1
152
174
-1
390
43
77
91
20
52
151
228
-1
25
-1
-1
27
-1
56
336
76
63
118
64
508
118
140
-1
60
-1
-1
95
84
67
90
59
243
191
16
34
242
41
91
112
109
47
15
132
251
35
69
55
95
47
97
164
15
394
219
432
374
328
15
-1
21
64
194
39
59
223
15
14
102
104
84
273
101
49
61
99
-1
41
51
37
-1
115
44
329
425
51
165
41
132
88
15
-1
90
139
24
36
31
185
254
52
-1
161
116
66
238
194
193
60
90
-1
25
64
135
465
96
-1
182
588
218
190
73
-1
24
210
18
-1
53
335
63
-1
-1
313
116
71
14
85
74
-1
31
-1
53
108
39
35
82
-1
62
312
65
118
14
33
240
66
58
29
70
29
85
220
23
39
92
55
15
16
219
24
-1
101
270
458
78
77
115
409
-1
-1
152
192
23
163
15
34
111
592
408
71
128
190
-1
62
-1
-1
81
136
31
269
14
-1
48
-1
35
15
-1
64
196
117
32
48
125
64
252
-1
75
14
-1
60
525
22
221
71
42
59
-1
174
152
206
136
259
162
39
-1
-1
37
34
34
21
267
40
214
31
20
73
34
415
38
71
49
48
150
198
-1
-1
66
-1
195
153
34
-1
135
-1
-1
25
103
81
15
109
