45
167
182
73
-1
-1
18
38
70
145
50
-1
17
15
37
388
289
176
-1
197
55
80
132
-1
30
-1
82
317
62
165
165
-1
191
-1
156
275
34
192
81
82
93
59
153
-1
41
88
82
160
55
182
-1
55
417
-1
-1
143
52
23
17
86
-1
20
-1
-1
542
158
44
14
124
69
84
41
-1
116
139
90
69
161
52
121
133
220
347
-1
67
390
318
40
54
40
-1
172
175
207
136
17
28
-1
28
68
82
15
237
25
-1
115
86
49
402
163
80
97
229
16
90
111
176
112
14
276
47
48
94
146
137
30
138
-1
35
207
-1
20
23
112
316
133
52
43
44
70
16
147
37
106
127
568
190
205
47
-1
20
43
37
63
-1
16
429
72
89
-1
202
169
275
107
118
119
221
48
87
30
-1
53
-1
23
194
164
-1
15
94
90
213
142
308
251
23
198
78
254
382
-1
302
-1
66
44
63
80
101
134
377
54
16
-1
119
55
191
-1
235
177
-1
30
105
147
184
79
-1
45
82
181
359
55
40
44
47
60
45
72
248
-1
-1
226
112
76
107
165
-1
113
-1
-1
94
588
-1
526
153
160
160
147
139
-1
140
72
15
-1
51
-1
40
54
28
200
76
-1
383
270
141
202
418
106
189
27
113
-1
159
224
-1
-1
-1
215
117
81
349
243
75
58
181
133
19
50
17
16
249
56
36
17
211
38
210
285
199
417
104
228
