316
136
21
-1
123
-1
123
286
516
-1
-1
241
110
133
242
189
495
-1
76
80
-1
149
44
-1
-1
140
-1
126
-1
302
271
171
-1
-1
39
-1
36
138
357
142
-1
149
350
260
322
125
66
60
-1
29
192
-1
140
105
134
40
57
121
233
-1
-1
204
-1
-1
222
62
108
24
42
-1
123
143
388
354
257
192
95
-1
241
186
482
59
62
56
52
249
-1
123
-1
-1
-1
94
102
310
94
187
174
169
230
174
530
-1
409
242
-1
175
-1
283
-1
61
-1
177
374
437
91
207
20
219
139
53
55
148
-1
35
199
-1
345
-1
128
212
384
-1
154
20
50
155
-1
548
197
-1
-1
134
25
513
105
143
237
231
-1
234
264
113
-1
271
-1
320
-1
-1
352
319
174
-1
-1
142
398
-1
332
57
425
-1
-1
403
406
85
145
-1
-1
464
129
-1
154
197
-1
197
295
232
-1
-1
141
-1
178
380
102
38
315
161
-1
218
127
376
211
252
140
298
-1
146
52
100
112
333
-1
321
402
-1
61
22
58
193
191
-1
18
283
-1
169
252
230
-1
234
31
182
88
257
166
116
367
134
104
103
-1
-1
363
-1
179
33
111
-1
199
444
186
-1
537
427
593
218
102
197
-1
360
83
28
39
366
21
190
402
134
56
166
-1
317
235
175
54
273
60
186
313
175
201
234
89
199
140
457
-1
170
178
229
351
26
169
103
-1
263
169
119
564
461
262
156
