209
238
240
158
76
122
-1
-1
86
237
105
173
104
43
38
32
97
91
25
-1
437
-1
47
-1
41
-1
63
84
30
173
237
340
17
31
128
353
298
-1
-1
-1
73
111
351
-1
282
30
167
315
133
-1
149
119
210
50
225
304
19
-1
149
411
69
32
223
84
134
64
-1
75
187
276
105
118
173
-1
146
41
41
-1
60
-1
206
67
-1
73
192
244
-1
84
42
97
95
14
-1
104
245
149
232
213
157
-1
48
106
90
94
91
16
102
42
83
111
250
82
469
105
133
134
57
-1
-1
-1
261
53
87
101
242
74
278
145
146
84
55
98
73
-1
125
215
219
270
231
89
459
397
153
187
14
43
25
155
54
-1
53
84
16
229
68
-1
151
329
-1
126
54
48
14
372
56
-1
33
32
135
249
285
129
81
-1
154
32
104
-1
522
444
46
21
-1
86
-1
47
227
101
-1
158
18
-1
86
133
-1
295
34
75
106
18
23
-1
190
-1
161
147
57
109
76
109
242
90
53
-1
152
237
41
285
242
320
115
100
148
-1
59
-1
176
127
75
-1
127
197
47
127
62
221
-1
308
255
103
248
-1
-1
76
-1
204
209
179
62
141
74
52
215
321
82
27
425
433
88
389
224
-1
247
14
27
145
287
52
67
50
251
43
164
-1
-1
354
-1
47
61
74
173
197
161
78
509
222
-1
115
313
481
38
105
-1
-1
243
-1
-1
16
192
-1
