51
155
52
102
34
74
-1
177
52
112
-1
119
50
115
220
136
-1
-1
58
18
-1
22
96
42
22
45
144
241
75
-1
149
14
-1
15
452
-1
213
93
51
-1
-1
41
-1
57
-1
-1
85
23
439
106
45
-1
19
33
21
29
53
15
18
36
135
-1
43
77
16
-1
498
20
-1
66
105
36
109
17
190
102
231
16
132
-1
101
515
-1
168
230
53
128
36
95
102
61
69
42
65
72
382
42
99
34
24
80
43
-1
419
105
219
125
-1
108
31
37
-1
240
77
315
23
74
-1
58
-1
47
204
34
63
83
249
17
67
163
22
42
47
-1
28
142
-1
64
207
-1
75
81
48
148
30
44
-1
99
19
-1
140
50
76
185
30
-1
99
23
67
188
96
431
116
50
48
183
-1
303
565
60
76
27
-1
-1
16
36
224
78
44
50
-1
-1
21
144
198
189
31
281
-1
28
-1
172
38
40
-1
103
49
290
242
130
-1
-1
72
-1
61
36
38
250
75
-1
-1
-1
33
32
46
-1
47
26
250
82
66
74
14
47
60
133
17
98
52
-1
-1
135
16
25
18
-1
14
66
-1
20
15
159
363
246
334
190
39
31
73
-1
33
50
330
229
-1
15
52
-1
91
62
547
54
102
33
58
78
23
238
183
104
-1
-1
24
-1
33
116
392
-1
156
14
178
160
-1
161
106
326
17
65
34
254
38
-1
54
22
216
37
168
99
47
229
342
