39
48
46
121
103
67
35
184
62
71
84
132
343
-1
-1
40
95
216
97
355
261
45
39
16
-1
-1
409
38
186
213
36
425
128
90
-1
-1
126
57
39
24
140
-1
208
-1
-1
122
21
-1
56
53
103
33
182
78
-1
84
229
110
32
319
288
307
535
51
98
151
43
188
212
138
-1
49
109
36
223
310
155
67
104
137
213
35
134
-1
100
120
56
80
162
128
126
451
54
115
121
17
191
308
339
41
16
102
41
342
98
19
42
79
282
-1
50
140
119
85
14
26
81
500
34
136
247
-1
140
151
548
137
43
16
63
-1
27
-1
86
31
118
334
215
154
105
48
247
243
45
40
136
-1
188
-1
75
189
-1
19
26
28
23
47
57
187
32
44
38
280
69
407
48
198
97
192
15
34
-1
243
29
62
21
38
74
136
396
198
326
201
199
-1
132
25
197
16
68
15
119
72
22
150
41
197
-1
54
62
-1
16
-1
15
22
35
75
85
-1
133
141
-1
26
144
191
58
85
106
46
230
-1
19
220
28
-1
108
346
-1
23
292
37
26
40
14
57
206
22
-1
43
193
60
93
78
53
83
-1
43
-1
78
103
159
16
154
206
-1
128
380
245
-1
15
-1
166
263
121
-1
43
-1
14
167
-1
-1
14
153
39
48
-1
200
37
38
302
76
448
35
55
114
-1
194
28
-1
49
168
56
191
461
74
169
392
243
279
511
-1
