377
247
-1
-1
45
324
348
416
51
29
63
34
147
154
30
261
-1
51
56
198
101
35
266
107
218
-1
85
-1
82
231
23
245
73
65
65
455
74
14
-1
25
124
24
-1
200
-1
-1
111
186
42
180
65
-1
73
269
62
292
114
49
88
232
27
114
-1
125
-1
357
60
65
164
76
-1
21
16
367
105
20
254
70
-1
118
-1
43
35
-1
14
17
116
80
40
17
28
119
23
76
-1
102
401
89
186
30
147
52
26
81
17
16
61
120
157
358
152
311
245
-1
87
24
-1
43
60
67
122
88
169
35
-1
67
16
140
75
31
-1
186
-1
133
59
28
36
38
88
63
28
-1
-1
-1
169
23
68
56
104
-1
18
46
48
-1
125
24
124
182
52
276
-1
-1
-1
-1
392
93
18
88
15
51
410
210
43
102
116
54
413
50
86
-1
56
213
59
199
42
129
-1
-1
67
67
35
14
31
95
45
108
79
41
93
61
44
35
-1
75
-1
18
81
97
22
-1
73
147
167
69
486
-1
175
557
32
16
26
206
66
14
73
156
-1
26
146
21
19
74
-1
64
273
144
-1
49
298
46
258
37
496
75
139
519
150
82
70
87
131
241
93
-1
182
308
52
19
59
16
76
97
116
-1
36
-1
111
162
-1
140
413
370
322
64
-1
25
47
-1
133
-1
205
95
94
102
14
74
47
33
-1
26
39
48
61
134
25
-1
232
-1
377
-1
