46
71
20
138
57
14
52
118
166
36
192
237
-1
-1
146
90
161
41
48
-1
-1
425
29
-1
51
171
-1
240
98
35
559
-1
44
-1
40
25
73
290
45
112
137
17
89
68
36
40
51
248
123
70
154
117
220
163
106
39
72
190
134
266
36
28
91
16
24
119
48
-1
86
43
76
213
55
92
19
29
295
69
437
23
109
143
129
28
26
209
87
193
66
45
424
61
-1
45
-1
316
41
84
373
105
35
188
39
32
56
174
47
180
152
26
249
-1
-1
62
45
63
259
-1
57
119
68
14
108
64
364
70
16
315
23
188
327
25
228
58
55
235
599
-1
113
29
181
-1
167
178
148
25
137
77
41
143
33
-1
-1
28
58
73
-1
30
225
555
31
-1
368
17
149
64
461
-1
30
81
-1
37
85
32
64
-1
52
271
186
139
84
-1
244
156
-1
16
204
-1
-1
-1
26
87
14
89
85
87
79
56
-1
-1
299
-1
45
80
204
34
45
80
43
64
158
65
311
179
296
142
66
-1
80
402
34
175
148
174
144
-1
40
226
60
-1
144
-1
321
65
26
100
448
76
14
54
20
235
218
78
74
65
22
153
-1
322
-1
64
169
248
67
68
42
140
207
403
86
122
-1
-1
180
112
80
-1
-1
247
199
102
-1
-1
35
52
28
70
-1
51
34
60
45
79
158
71
291
-1
-1
29
137
176
43
176
81
172
561
58
250
133
