316
136
21
-1
123
-1
123
286
516
-1
-1
241
110
133
242
189
495
-1
76
80
-1
149
44
-1
-1
140
-1
126
-1
302
271
171
-1
-1
39
-1
36
138
357
142
-1
149
350
260
322
125
66
60
-1
29
192
-1
140
105
134
40
57
121
233
-1
-1
204
-1
-1
222
62
108
24
42
-1
123
143
388
354
257
192
95
-1
241
186
482
59
62
56
52
249
-1
123
-1
-1
-1
94
102
310
94
187
174
169
230
174
530
-1
409
242
-1
175
-1
283
-1
61
-1
177
374
437
91
207
20
219
139
53
55
148
-1
35
199
-1
345
-1
128
212
384
-1
154
20
50
155
-1
548
197
-1
-1
134
25
513
105
143
237
231
-1
234
264
113
-1
271
-1
320
-1
-1
352
319
174
-1
-1
142
398
-1
332
57
425
-1
-1
403
406
85
145
-1
-1
464
129
-1
154
197
-1
197
295
232
-1
-1
141
-1
178
380
102
38
315
161
-1
218
127
376
211
252
140
298
-1
146
52
100
112
333
-1
321
402
-1
61
22
58
193
191
-1
18
283
-1
169
252
230
-1
234
31
182
88
257
166
116
367
134
104
103
-1
-1
363
-1
179
33
111
-1
199
444
186
-1
537
427
593
218
102
197
-1
360
83
28
39
366
21
190
402
134
56
166
-1
317
235
175
54
273
60
186
313
175
201
234
89
199
140
457
-1
170
178
229
351
26
169
103
-1
263
169
119
564
461
262
156
289
174
91
109
383
262
-1
184
38
-1
-1
281
297
152
196
177
-1
124
67
283
247
-1
65
-1
68
355
276
120
260
222
-1
128
261
317
111
262
-1
262
-1
90
203
124
171
193
-1
-1
153
292
367
37
142
234
208
388
340
96
335
269
429
41
175
312
309
185
-1
269
494
384
365
-1
33
-1
191
587
-1
-1
101
197
307
506
268
109
242
460
213
76
342
115
-1
119
-1
-1
134
182
367
-1
144
75
231
-1
119
431
338
32
-1
-1
147
-1
237
128
350
196
-1
283
308
585
-1
236
-1
174
395
-1
110
189
-1
57
318
-1
142
398
201
-1
-1
466
234
82
132
69
231
-1
54
-1
193
202
95
-1
-1
367
177
144
355
57
-1
111
150
137
146
410
149
389
-1
161
21
260
385
215
-1
332
147
-1
391
-1
91
-1
75
270
413
-1
-1
-1
150
231
427
201
-1
191
-1
189
-1
25
126
379
89
78
162
-1
429
415
204
218
59
180
-1
-1
586
-1
-1
227
475
-1
-1
64
218
442
128
562
198
-1
-1
184
207
118
329
146
343
-1
253
199
207
97
20
233
-1
439
18
167
146
335
-1
82
453
-1
-1
69
225
-1
-1
204
-1
106
186
536
143
-1
-1
165
-1
224
116
191
379
284
393
-1
94
-1
-1
92
-1
128
-1
183
-1
196
236
-1
92
398
291
-1
461
-1
-1
-1
283
53
114
199
143
223
577
-1
276
126
95
133
314
120
202
291
138
369
-1
136
228
-1
153
367
46
137
146
48
223
-1
227
108
143
-1
488
89
290
-1
135
278
-1
-1
262
364
-1
292
197
-1
-1
-1
235
115
176
302
-1
247
-1
90
59
316
250
-1
159
224
107
-1
-1
52
97
-1
164
151
87
40
279
305
175
122
-1
255
477
64
-1
107
233
242
112
-1
189
-1
78
343
-1
-1
473
59
-1
128
-1
32
375
384
-1
350
-1
114
285
74
100
196
384
112
155
30
-1
200
495
-1
222
517
469
140
-1
-1
464
126
137
-1
123
63
279
-1
89
-1
397
121
587
300
521
-1
107
260
-1
282
136
496
253
498
178
173
139
362
180
167
167
62
90
148
-1
200
159
318
-1
-1
177
-1
84
179
461
371
-1
-1
335
-1
230
394
570
253
-1
378
251
80
-1
429
177
195
-1
287
156
165
20
57
238
48
-1
-1
252
354
71
444
-1
432
-1
236
-1
-1
431
-1
-1
332
-1
-1
390
519
286
249
-1
-1
-1
101
-1
-1
70
35
65
34
-1
23
266
-1
-1
161
571
338
-1
161
-1
-1
92
349
102
415
261
105
143
79
146
350
561
184
174
-1
251
-1
-1
138
229
209
-1
87
335
-1
274
-1
48
68
187
-1
-1
23
352
116
86
385
516
402
-1
158
174
283
-1
491
110
90
-1
247
403
-1
-1
97
-1
85
267
-1
-1
149
302
301
-1
202
200
-1
-1
395
266
-1
-1
229
507
512
-1
-1
345
210
88
136
358
479
-1
62
49
93
121
298
176
230
-1
97
217
-1
-1
240
296
210
223
-1
275
47
22
342
143
96
366
76
235
262
89
401
-1
-1
191
120
-1
-1
-1
157
49
-1
207
233
267
235
-1
75
197
105
178
119
-1
38
384
288
34
92
336
-1
98
24
185
201
199
77
99
-1
143
-1
65
-1
209
94
231
148
-1
-1
-1
-1
-1
25
-1
-1
-1
400
440
17
84
17
-1
-1
57
-1
270
-1
20
589
150
242
