24
19
51
332
-1
218
25
-1
58
102
87
-1
58
220
-1
333
41
45
61
179
410
58
102
-1
57
217
436
66
46
294
497
87
24
-1
68
227
39
220
92
16
221
22
-1
218
31
38
345
-1
45
44
42
429
22
81
-1
75
89
233
64
37
56
71
128
86
39
35
257
23
165
53
64
104
-1
110
21
87
-1
39
105
31
230
-1
259
-1
-1
76
-1
78
335
228
-1
29
-1
185
29
182
157
49
525
31
43
570
69
229
95
233
189
46
31
92
107
25
-1
65
196
20
-1
78
116
162
186
48
28
44
202
272
-1
186
129
30
40
166
77
-1
32
155
39
478
-1
34
188
102
-1
-1
24
14
197
-1
80
40
-1
60
134
28
67
26
-1
92
72
61
-1
94
141
154
-1
-1
93
198
187
310
77
286
139
43
486
100
162
220
62
272
362
116
230
95
15
186
107
58
15
110
-1
14
22
-1
-1
194
20
30
-1
74
182
186
-1
98
47
-1
14
91
130
111
18
-1
169
44
18
95
-1
61
228
76
46
105
202
17
43
222
16
102
46
-1
-1
112
155
184
214
43
207
245
116
144
94
135
28
-1
64
76
90
43
174
-1
14
143
98
50
44
-1
28
37
-1
94
207
-1
95
175
-1
-1
15
83
57
150
356
448
52
36
200
98
24
18
34
197
48
14
76
24
28
194
-1
-1
78
293
141
261
243
74
130
118
-1
-1
-1
-1
