42
21
76
139
59
181
63
244
35
57
193
-1
22
-1
-1
217
288
55
71
204
-1
251
62
-1
82
-1
224
98
172
36
589
-1
203
22
30
93
-1
79
233
121
55
44
54
174
538
-1
127
-1
61
219
-1
193
82
-1
-1
-1
244
141
139
37
23
-1
262
87
255
-1
205
27
42
77
-1
156
15
28
-1
142
-1
248
45
30
-1
355
34
-1
393
40
20
187
177
24
-1
27
-1
347
14
-1
-1
349
95
164
101
-1
-1
218
77
37
-1
-1
475
103
186
475
110
-1
36
154
155
122
95
-1
140
164
187
185
153
-1
85
255
137
249
134
152
498
18
24
172
34
171
-1
-1
76
42
14
-1
-1
-1
295
40
141
-1
178
177
35
167
-1
60
-1
79
162
146
149
198
53
387
-1
65
-1
-1
-1
122
65
100
38
49
388
179
266
-1
48
504
154
47
-1
42
-1
-1
38
135
90
122
-1
168
65
92
65
42
218
47
177
22
-1
124
-1
-1
236
60
132
105
83
-1
119
-1
35
38
21
-1
120
16
255
-1
-1
143
-1
207
49
32
141
525
88
-1
67
309
-1
-1
236
200
75
-1
191
64
-1
72
262
61
19
-1
365
111
-1
229
173
100
112
91
-1
70
240
66
14
122
137
196
151
202
176
-1
44
49
51
143
57
162
-1
241
21
169
106
20
-1
210
65
127
472
97
-1
-1
-1
63
54
109
143
147
49
38
20
171
58
258
215
-1
