15
16
141
165
40
177
14
-1
107
41
-1
-1
92
82
33
58
114
166
91
52
151
-1
53
262
40
42
-1
15
591
66
-1
54
95
93
32
16
77
54
44
89
24
146
26
181
38
59
37
-1
-1
146
226
571
26
202
168
148
80
42
148
-1
44
162
-1
97
85
61
76
-1
26
-1
217
269
393
46
-1
85
132
115
476
27
86
22
-1
-1
58
68
-1
54
97
138
36
109
31
183
71
33
23
332
96
90
97
15
24
88
18
33
34
188
-1
14
308
-1
32
15
90
73
38
-1
-1
74
57
204
42
65
44
-1
49
81
22
323
14
76
43
20
39
24
131
19
192
514
120
20
589
390
-1
15
22
95
123
32
-1
189
50
-1
-1
138
84
125
26
46
-1
155
177
114
46
109
-1
23
-1
20
15
363
104
60
41
183
51
145
308
-1
22
31
-1
-1
16
54
206
135
276
158
51
-1
63
40
74
150
76
209
252
-1
29
307
26
26
306
108
41
-1
23
34
36
-1
36
57
43
79
126
38
99
-1
495
69
21
23
118
15
-1
-1
21
70
63
-1
108
189
36
-1
254
-1
300
187
202
48
64
225
-1
22
42
39
142
69
61
28
202
142
217
187
-1
-1
585
53
402
83
265
65
-1
27
-1
102
30
42
130
117
93
31
59
38
45
111
40
-1
300
119
110
26
19
92
403
41
79
259
119
14
122
44
40
70
44
66
235
305
