29
134
63
138
26
-1
44
-1
214
-1
206
83
-1
81
33
113
42
53
17
534
72
66
113
295
209
51
21
-1
365
59
526
222
428
223
31
260
-1
-1
64
324
33
182
75
46
201
31
175
74
56
18
174
66
-1
214
25
-1
18
113
-1
26
38
30
58
294
-1
48
105
137
96
34
14
90
131
364
121
-1
198
337
37
23
16
82
113
35
-1
128
236
235
101
276
128
47
246
63
59
82
-1
70
147
70
32
-1
-1
18
61
35
57
78
33
467
125
59
-1
119
64
185
-1
60
35
54
147
-1
188
349
158
146
171
28
237
27
-1
250
529
180
47
99
387
53
19
-1
28
298
206
41
63
19
82
202
571
60
28
47
143
230
40
-1
149
188
179
-1
148
70
46
179
33
30
182
17
66
29
39
193
15
73
33
96
58
148
56
105
67
61
101
-1
49
24
152
36
21
-1
17
14
-1
20
27
43
119
332
73
106
27
252
143
415
28
44
147
469
303
166
189
71
-1
105
-1
190
88
41
-1
27
185
116
16
103
190
26
223
412
373
26
-1
365
139
80
300
256
-1
45
280
51
91
15
46
91
256
-1
53
168
188
209
-1
38
-1
188
237
66
-1
46
30
-1
184
23
82
37
25
123
84
257
195
93
-1
14
75
522
15
-1
83
254
213
98
115
262
200
118
100
473
60
-1
206
15
137
-1
268
36
68
130
-1
-1
75
337
