25
43
189
440
527
31
106
53
91
48
109
-1
433
97
-1
111
-1
65
17
25
66
46
49
61
94
189
104
222
402
96
62
-1
28
226
193
203
189
27
120
449
123
39
112
65
18
60
44
192
29
279
41
-1
41
44
64
32
-1
109
28
142
96
261
-1
28
66
145
71
94
87
72
-1
96
-1
49
105
490
34
-1
81
14
-1
445
143
277
185
14
185
33
468
190
71
190
121
58
58
76
51
-1
38
395
75
-1
300
23
96
-1
42
171
62
109
24
340
-1
23
113
135
125
51
93
271
212
38
-1
43
114
67
190
-1
37
-1
368
48
23
201
-1
104
49
-1
35
160
527
50
314
24
71
464
34
413
74
-1
51
-1
38
21
86
44
71
114
60
17
112
178
177
98
67
23
240
25
-1
132
-1
-1
233
14
76
125
76
152
21
36
130
68
58
217
206
287
110
53
170
20
78
193
95
208
20
507
65
187
-1
80
122
33
19
180
259
-1
161
121
142
47
334
-1
-1
-1
65
16
17
132
67
130
126
-1
-1
31
69
39
47
27
74
97
69
-1
73
22
71
43
148
385
46
38
500
28
16
188
64
14
45
27
193
-1
-1
34
109
404
46
103
99
68
63
110
59
43
81
105
47
-1
-1
34
58
69
109
40
114
50
30
123
373
149
92
120
127
76
24
98
14
67
84
147
178
52
43
109
35
326
187
-1
346
-1
139
-1
