88
74
-1
-1
173
-1
204
100
28
-1
236
69
-1
199
70
142
197
28
268
170
-1
197
50
96
169
-1
-1
121
58
216
92
258
-1
93
-1
101
49
164
243
231
56
289
54
-1
17
129
150
140
28
59
250
73
348
258
140
129
-1
96
29
-1
19
75
-1
75
-1
171
234
83
237
85
81
-1
-1
64
18
229
-1
356
344
83
142
141
58
111
64
277
190
45
54
42
110
131
310
220
217
176
37
245
44
48
-1
86
159
233
471
25
-1
232
242
-1
144
49
230
-1
57
-1
24
105
345
312
73
557
38
-1
131
324
44
-1
392
72
47
-1
28
126
-1
122
239
-1
-1
46
35
148
74
103
85
239
71
256
-1
-1
249
72
39
211
191
113
75
105
-1
-1
131
410
-1
48
158
39
90
109
-1
82
-1
93
236
115
249
188
211
68
-1
-1
102
131
75
143
77
-1
-1
63
315
-1
206
216
35
-1
49
33
257
312
69
342
265
153
244
-1
114
444
591
107
169
97
429
475
47
-1
52
297
128
127
98
-1
145
178
15
284
167
-1
242
82
53
172
-1
106
132
127
70
184
-1
241
27
83
-1
206
68
201
211
23
63
64
-1
127
146
355
61
243
-1
198
74
24
-1
30
148
111
310
52
-1
242
-1
39
341
-1
73
341
-1
53
152
-1
-1
72
478
-1
-1
282
201
270
63
144
-1
418
48
350
269
-1
54
119
547
38
143
264
-1
499
