6
10
17
13
16
6
25
12
8
22
10
8
24
8
7
10
48
9
17
8
52
32
57
9
22
75
71
15
13
15
84
25
9
8
12
38
41
84
16
17
52
9
53
82
33
30
9
61
31
-1
24
48
9
31
9
10
73
58
-1
38
8
7
53
26
8
27
9
-1
74
33
9
8
-1
-1
13
9
90
12
13
40
12
39
21
9
9
67
11
22
20
23
27
9
12
35
68
45
11
18
28
34
23
11
49
50
21
15
8
35
77
17
13
9
25
8
21
11
-1
8
8
10
-1
12
9
12
10
23
18
10
36
57
-1
23
24
42
70
23
11
37
15
-1
-1
25
11
10
12
53
9
11
39
45
-1
9
12
47
24
26
25
20
30
40
12
8
39
-1
9
36
-1
15
24
40
8
69
13
12
10
11
13
17
-1
38
73
32
-1
9
-1
13
55
39
9
14
12
45
13
18
11
10
31
10
14
24
9
12
-1
-1
9
31
34
46
27
43
22
9
26
8
-1
17
26
56
39
11
-1
60
42
18
17
7
78
38
22
8
59
13
12
42
13
42
13
69
-1
55
7
37
-1
-1
41
8
10
33
46
-1
56
12
8
20
9
39
29
-1
18
42
37
17
13
27
9
30
34
25
86
13
10
9
29
13
10
20
12
62
38
9
19
9
19
22
25
22
12
8
9
-1
67
12
10
24
13
54
20
23
-1
20
71
37
30
11
11
52
10
99
10
8
19
11
10
24
50
14
-1
19
49
24
9
14
15
50
7
30
15
9
18
8
15
21
41
18
47
65
57
21
12
14
79
13
50
10
10
14
28
22
13
18
9
7
30
31
16
-1
63
34
81
18
8
9
70
9
34
64
56
14
-1
13
94
-1
-1
9
33
7
25
52
26
35
15
38
38
11
41
84
55
65
14
8
12
38
9
17
78
11
11
-1
24
16
18
58
10
60
69
73
9
33
16
73
23
30
14
17
11
19
11
13
11
20
58
11
83
28
19
19
28
-1
-1
13
60
25
17
58
45
-1
-1
46
43
9
23
8
31
36
27
-1
30
7
70
8
10
20
15
31
11
68
-1
19
9
17
59
41
12
11
10
17
36
11
10
16
8
22
33
74
46
-1
17
-1
15
43
17
48
27
14
14
8
9
12
37
-1
11
-1
57
40
27
58
12
22
16
47
9
29
28
32
9
9
10
32
11
-1
46
67
80
22
26
8
98
7
71
9
24
24
30
76
49
9
55
9
29
-1
11
25
-1
65
13
33
17
11
37
46
21
83
11
27
81
22
16
14
45
78
18
16
22
32
10
-1
40
8
23
70
34
13
59
21
-1
25
63
48
12
61
18
-1
91
9
66
20
9
-1
10
8
40
94
7
32
42
-1
9
12
56
15
9
24
-1
10
63
47
28
-1
27
12
-1
-1
10
20
20
65
11
-1
-1
-1
19
14
16
12
-1
20
12
38
11
14
66
12
96
7
11
-1
50
19
37
22
8
13
26
21
11
14
9
-1
11
-1
10
28
43
9
9
22
12
-1
-1
63
10
8
22
39
9
14
18
25
63
42
11
38
13
56
37
22
10
19
32
11
12
91
8
71
42
15
19
20
52
-1
10
10
14
9
9
-1
10
48
-1
19
75
25
46
9
40
18
18
13
44
51
11
25
12
51
10
36
29
12
-1
13
23
22
-1
-1
22
12
54
10
10
9
28
49
36
14
9
9
44
8
53
31
20
15
33
15
77
66
21
27
11
46
17
-1
-1
76
15
25
13
18
9
8
31
14
46
15
41
16
35
-1
19
16
14
9
23
12
25
12
35
26
14
76
11
9
63
17
13
19
19
7
11
31
27
52
9
31
27
16
11
57
11
51
35
12
13
18
-1
16
9
16
37
8
52
11
40
19
10
28
10
84
18
8
27
94
38
-1
26
-1
26
12
22
59
-1
-1
9
77
24
36
7
42
9
29
23
17
28
15
19
-1
52
10
20
10
11
53
-1
10
11
24
8
8
8
25
22
25
12
13
85
15
11
66
12
36
64
31
8
67
29
80
10
8
28
10
41
14
21
64
14
59
8
59
-1
35
7
8
17
12
22
13
17
12
17
57
25
53
7
16
18
98
61
8
12
20
46
11
23
11
30
20
-1
34
13
-1
10
10
15
10
33
19
8
70
23
45
68
9
15
-1
20
31
8
30
18
37
17
9
24
9
12
34
19
19
12
-1
46
13
10
14
10
52
-1
10
67
8
40
72
49
-1
41
17
42
-1
25
-1
50
37
9
44
28
17
24
29
12
66
60
29
10
17
10
25
18
9
70
-1
53
14
16
8
9
26
22
21
55
9
16
-1
21
18
-1
37
-1
58
-1
-1
