2
2
2
2
2
2
2
2
2
2
2
2
2
2
2
2
9
2
2
2
8
2
2
2
2
2
5
2
2
9
2
2
2
2
11
2
2
10
2
2
2
2
2
2
8
5
2
2
2
5
2
10
2
12
2
7
2
2
2
2
5
2
9
12
10
2
2
2
2
2
2
2
2
2
2
2
2
2
2
2
2
2
2
2
2
2
2
2
10
7
2
14
2
10
2
2
5
15
2
2
2
2
19
9
2
2
2
3
2
2
2
2
2
2
11
2
2
2
2
2
2
2
2
9
2
2
9
7
2
2
2
13
2
2
3
7
5
7
2
11
2
2
15
13
2
2
2
3
2
2
2
2
2
2
2
2
7
2
2
8
2
9
2
2
2
2
2
10
2
2
6
2
2
2
2
2
2
6
2
2
6
2
2
2
2
2
2
2
8
2
2
2
6
9
7
2
2
2
2
2
8
2
6
2
2
2
2
2
9
2
9
2
2
2
2
16
2
3
2
2
2
2
2
2
2
2
2
2
14
2
2
10
2
9
2
8
2
2
2
2
2
2
2
2
2
10
9
2
2
9
12
2
2
2
2
2
2
2
10
2
2
2
2
20
2
16
7
11
7
2
2
2
15
6
2
8
8
2
2
5
7
2
5
2
2
2
2
2
2
2
12
14
2
2
2
2
2
2
5
2
2
2
2
6
2
2
2
2
2
7
18
18
2
2
2
2
2
2
10
2
2
7
2
2
3
2
2
2
8
2
2
2
2
2
2
2
2
2
2
2
2
2
2
2
8
2
2
2
8
2
2
2
2
2
7
2
2
2
2
2
2
2
2
2
2
2
2
2
2
2
9
6
6
2
2
2
2
2
2
2
2
2
18
2
10
7
2
2
10
2
10
2
2
2
2
13
2
2
2
8
7
2
11
2
2
2
2
2
8
7
2
2
2
8
8
2
9
2
2
2
2
12
2
2
7
2
2
6
6
2
2
2
2
2
7
2
2
2
10
6
7
2
2
2
2
11
2
2
2
9
2
2
2
2
2
2
2
2
2
2
2
2
2
2
2
2
2
21
8
6
2
2
2
2
2
2
2
8
2
2
2
2
2
2
2
3
9
2
2
11
2
11
2
2
2
2
8
13
2
2
7
2
2
2
5
2
12
2
2
2
2
2
2
2
2
2
2
2
2
2
2
2
6
2
2
6
2
11
2
2
2
2
2
2
2
2
9
2
2
2
7
2
2
2
15
20
6
2
2
2
2
2
2
2
2
2
9
7
2
2
2
2
2
6
2
2
2
2
19
2
2
9
2
2
2
2
2
2
2
2
2
2
5
13
2
2
2
9
2
2
2
2
8
2
2
2
2
12
6
2
2
2
2
2
2
8
2
2
2
2
2
9
2
2
2
2
2
6
2
12
2
2
2
2
2
2
2
2
2
2
17
2
2
9
2
2
6
2
2
2
2
2
2
2
17
2
8
2
3
2
2
11
2
2
2
9
2
2
2
5
6
2
2
2
11
2
2
16
2
2
2
2
2
10
2
2
7
8
14
2
2
2
2
15
2
8
2
2
2
7
2
2
17
2
5
2
8
2
2
2
3
2
2
2
9
2
2
2
5
2
23
2
3
2
2
17
11
2
2
2
2
9
2
7
2
2
2
2
2
10
2
2
2
2
2
9
3
2
2
2
2
2
2
2
2
2
2
9
2
2
2
6
2
2
2
2
2
2
2
11
2
2
2
2
2
8
2
2
2
2
6
2
2
2
2
2
2
2
8
14
7
2
12
5
7
2
2
2
2
2
2
15
2
18
2
11
2
2
7
11
12
2
2
2
16
2
2
10
2
2
2
2
11
2
9
7
2
2
8
2
2
2
2
2
2
2
11
2
2
8
2
2
9
2
6
2
2
2
2
11
2
2
7
2
2
2
2
2
2
2
2
2
2
2
8
2
2
2
11
12
2
12
7
2
4
2
2
2
2
6
8
7
2
2
8
5
2
2
2
2
2
21
2
2
2
6
2
2
12
10
6
3
8
2
2
2
2
2
2
2
2
2
2
2
2
2
2
2
14
2
2
2
7
9
2
2
2
17
2
2
2
17
18
2
2
2
12
2
14
2
2
2
2
2
2
2
2
9
2
2
12
6
2
2
2
2
2
7
17
2
2
8
2
2
2
6
2
2
2
2
2
8
12
2
7
2
2
2
2
2
6
2
2
2
5
2
2
2
2
2
7
2
2
2
2
8
2
2
2
2
2
6
29
13
2
2
8
7
19
19
