15
45
71
-1
16
-1
-1
-1
-1
-1
-1
-1
-1
-1
-1
87
-1
-1
-1
-1
89
-1
-1
-1
-1
-1
-1
-1
-1
-1
82
-1
26
-1
25
20
-1
79
-1
15
61
42
81
56
-1
20
-1
42
-1
46
27
60
-1
69
-1
79
22
-1
-1
-1
-1
89
41
40
22
99
-1
-1
82
-1
-1
-1
74
-1
-1
-1
52
52
52
-1
-1
29
37
89
-1
87
-1
-1
-1
-1
17
29
-1
87
-1
21
-1
36
52
-1
-1
-1
-1
-1
-1
-1
-1
-1
-1
95
62
72
51
-1
-1
80
-1
-1
-1
14
-1
-1
31
-1
40
-1
96
-1
-1
83
26
-1
-1
84
-1
60
-1
85
-1
-1
-1
-1
30
-1
-1
-1
-1
21
43
-1
-1
61
59
96
39
-1
43
28
-1
-1
-1
31
-1
-1
68
61
83
-1
-1
44
-1
16
-1
-1
-1
-1
45
-1
-1
94
-1
-1
-1
-1
-1
-1
-1
-1
-1
-1
94
57
-1
-1
14
-1
-1
44
-1
-1
-1
24
28
-1
40
-1
-1
84
-1
-1
-1
96
34
51
-1
65
-1
26
49
-1
-1
-1
51
-1
-1
-1
-1
-1
-1
99
-1
-1
-1
38
30
-1
-1
-1
-1
85
60
35
-1
-1
-1
-1
32
-1
-1
-1
35
-1
49
57
-1
67
-1
64
-1
-1
-1
-1
-1
63
56
63
-1
-1
-1
-1
-1
-1
-1
34
91
97
-1
-1
-1
-1
34
60
-1
35
-1
59
-1
-1
-1
-1
-1
-1
74
-1
-1
-1
49
28
44
-1
20
-1
88
-1
17
36
75
-1
-1
70
-1
-1
-1
74
-1
48
-1
-1
-1
-1
15
-1
24
-1
-1
48
43
64
74
-1
-1
93
-1
-1
-1
64
60
28
28
39
48
-1
-1
-1
37
-1
94
52
52
-1
-1
-1
-1
61
25
79
-1
-1
97
-1
-1
-1
41
-1
56
-1
88
-1
-1
81
76
-1
-1
64
94
-1
18
-1
-1
-1
64
44
95
-1
75
85
37
79
-1
-1
93
62
-1
-1
-1
-1
-1
-1
71
-1
-1
-1
-1
-1
-1
-1
39
43
-1
67
46
-1
34
14
-1
87
-1
-1
92
-1
-1
-1
67
-1
-1
63
-1
-1
-1
71
20
49
-1
-1
53
78
16
-1
27
92
-1
-1
-1
-1
62
66
-1
49
18
-1
44
92
-1
41
-1
-1
-1
23
-1
30
77
-1
23
49
-1
-1
14
-1
-1
-1
23
-1
-1
97
36
68
-1
71
-1
49
-1
-1
-1
-1
-1
50
-1
-1
-1
-1
-1
-1
-1
-1
-1
70
-1
88
49
-1
-1
92
78
55
28
77
47
-1
44
-1
61
-1
83
79
-1
-1
-1
-1
48
-1
36
77
91
-1
-1
28
-1
-1
57
-1
35
-1
44
65
91
42
28
51
-1
-1
83
80
44
32
-1
-1
-1
92
52
49
-1
-1
19
-1
-1
52
59
-1
79
-1
-1
-1
-1
90
-1
53
18
-1
21
-1
-1
49
100
-1
-1
-1
-1
96
48
-1
95
-1
-1
-1
39
-1
89
-1
21
73
-1
14
29
-1
36
-1
-1
-1
15
-1
-1
61
27
-1
85
-1
-1
-1
36
59
-1
94
23
31
34
-1
-1
-1
-1
-1
96
-1
-1
66
37
40
-1
-1
-1
-1
-1
-1
-1
-1
-1
18
-1
-1
100
36
-1
-1
-1
-1
43
-1
-1
-1
-1
-1
-1
-1
97
42
25
-1
16
-1
-1
-1
-1
59
-1
-1
-1
-1
-1
15
48
-1
56
22
-1
87
-1
-1
-1
-1
29
-1
-1
-1
63
-1
-1
-1
43
-1
64
51
-1
100
-1
60
-1
33
65
52
-1
-1
62
62
-1
21
-1
58
41
41
-1
-1
43
-1
48
68
97
49
-1
40
-1
-1
28
-1
17
-1
-1
-1
21
-1
-1
-1
-1
-1
73
-1
80
-1
-1
31
-1
43
65
57
-1
29
30
39
79
-1
38
-1
-1
-1
-1
-1
80
69
-1
-1
-1
67
68
75
74
37
60
80
76
-1
-1
-1
59
-1
-1
-1
90
-1
19
63
23
47
96
86
91
-1
-1
29
32
-1
67
-1
72
-1
-1
-1
-1
84
-1
-1
-1
56
80
67
75
93
-1
-1
15
71
-1
41
-1
-1
-1
-1
-1
16
-1
-1
50
68
31
46
38
84
82
-1
-1
77
79
99
-1
-1
-1
68
-1
-1
37
36
-1
93
-1
-1
-1
53
-1
-1
14
32
51
-1
-1
-1
-1
-1
59
-1
28
-1
-1
-1
21
99
38
82
29
-1
-1
-1
-1
26
88
28
92
60
99
-1
-1
-1
53
-1
-1
-1
85
-1
-1
-1
40
35
28
-1
-1
-1
-1
75
-1
14
-1
-1
-1
-1
-1
14
-1
-1
-1
-1
17
-1
-1
-1
18
16
99
99
-1
-1
95
-1
54
-1
38
-1
28
-1
38
79
-1
23
41
-1
73
-1
-1
-1
-1
52
32
-1
27
-1
-1
-1
-1
94
-1
-1
37
-1
-1
18
100
-1
29
-1
-1
90
76
28
-1
88
-1
-1
-1
-1
63
80
-1
71
19
63
-1
53
-1
99
-1
-1
-1
24
27
-1
73
-1
-1
-1
48
-1
-1
78
34
-1
-1
18
-1
66
-1
60
86
73
-1
-1
