7
11
4
11
13
5
3
22
18
30
3
3
3
3
3
3
15
33
16
18
3
15
7
3
74
4
8
-1
37
37
16
10
41
36
3
3
6
12
8
47
5
4
3
72
8
3
6
3
37
16
3
19
15
19
8
3
28
22
10
37
5
27
12
5
3
3
3
3
3
18
17
32
3
3
3
9
14
3
5
19
3
14
29
9
-1
16
6
3
92
11
27
36
9
3
5
4
3
15
12
12
3
-1
3
20
10
5
22
19
3
16
25
6
54
3
10
3
4
3
4
3
6
3
3
21
31
21
18
6
69
11
3
3
78
9
63
12
14
4
4
6
6
3
-1
16
9
16
3
3
3
3
21
3
4
8
3
11
3
95
3
3
6
4
9
-1
3
3
3
4
10
27
4
3
8
21
3
3
9
5
2
8
3
3
12
3
32
22
18
3
13
3
5
10
4
5
3
16
14
17
14
3
11
21
12
77
8
8
19
15
11
12
3
3
4
12
12
44
60
5
12
12
17
3
3
3
56
3
3
31
45
19
3
12
32
11
3
39
5
10
11
7
3
16
3
3
9
3
3
3
6
16
6
8
43
6
3
15
3
3
66
4
16
41
18
7
16
3
9
3
3
12
66
13
2
3
3
23
24
26
50
10
18
19
29
6
11
3
20
5
21
10
7
5
3
-1
2
-1
7
20
3
3
3
6
22
3
4
3
14
32
3
11
4
3
12
35
10
11
3
28
8
4
3
18
6
12
11
24
3
25
3
24
3
3
19
9
15
5
39
3
3
3
12
4
3
3
5
3
26
11
15
25
3
15
2
3
10
5
71
55
25
8
4
6
26
18
41
3
3
97
3
26
13
3
13
3
15
10
43
18
6
3
31
9
19
17
21
3
20
22
3
39
21
7
14
3
30
16
9
24
16
49
16
27
4
3
3
2
9
3
3
13
12
5
6
11
6
41
17
25
21
3
10
3
5
29
39
12
3
44
16
13
3
2
3
88
-1
8
22
5
15
84
18
19
6
3
3
21
3
80
13
4
6
3
28
3
36
11
13
3
3
8
7
15
14
3
58
20
5
11
25
3
3
13
14
10
5
5
6
3
3
11
3
3
8
33
4
18
11
16
14
3
3
10
3
3
30
69
35
3
25
13
3
15
13
5
3
3
3
37
-1
16
14
55
3
3
5
21
15
34
3
3
3
3
5
65
-1
3
22
48
22
4
13
18
9
19
97
3
5
3
3
11
7
4
3
18
8
48
20
6
23
15
10
24
25
10
70
16
9
9
3
3
49
3
8
3
68
3
14
3
3
5
3
3
3
27
13
3
3
4
17
3
3
4
32
3
21
3
17
20
10
37
23
3
3
5
3
3
3
11
4
12
3
12
62
9
20
34
3
6
20
15
3
30
3
21
17
9
21
18
17
13
20
3
34
9
3
16
18
16
12
3
3
56
41
11
3
12
24
27
13
5
57
8
5
70
9
12
23
5
3
9
10
14
24
17
3
4
8
4
3
21
35
3
19
5
36
3
3
25
70
3
3
23
71
26
3
16
57
3
16
11
4
3
12
16
3
26
3
38
31
17
3
2
40
3
43
26
3
9
4
39
8
19
3
3
15
5
8
3
5
3
23
3
59
12
10
3
3
10
12
16
3
16
6
3
3
3
6
3
3
13
13
11
14
62
3
28
51
3
13
21
3
13
3
10
12
3
11
3
27
5
9
3
19
3
26
23
6
3
13
2
11
3
4
44
7
17
12
3
12
2
33
8
11
32
36
22
6
11
3
5
13
3
3
14
15
10
3
3
16
3
3
61
11
3
14
9
9
3
7
3
7
8
11
11
39
100
-1
14
30
6
48
64
3
3
17
5
15
3
11
3
3
12
11
3
38
3
3
35
8
-1
31
3
3
11
35
10
3
3
3
9
3
18
59
6
17
6
3
-1
11
9
22
-1
73
20
39
49
15
4
19
63
21
35
3
6
10
3
3
8
3
10
18
-1
24
4
4
3
15
49
14
3
3
57
3
6
3
3
4
6
33
47
44
3
8
21
4
3
3
45
6
30
3
8
3
13
20
4
57
3
5
3
10
3
-1
21
3
5
-1
5
31
3
7
14
3
3
32
8
33
49
15
3
3
3
3
10
87
17
3
7
10
4
3
47
23
3
4
3
12
18
6
3
5
3
-1
3
65
3
29
3
3
3
3
3
22
37
20
18
7
15
-1
5
21
3
17
3
7
2
21
28
16
6
8
28
3
5
4
5
3
3
9
3
11
13
9
61
39
10
15
66
14
54
