9
11
15
21
18
17
16
27
23
19
15
21
9
20
10
8
39
8
9
12
11
17
12
17
23
25
9
14
14
14
26
10
14
37
14
26
16
27
16
20
15
25
18
11
14
18
10
42
22
7
15
12
9
14
29
22
7
10
7
8
21
10
31
17
17
10
14
15
12
11
28
16
16
12
22
8
18
52
14
19
8
10
17
15
36
31
12
22
37
10
27
11
11
15
72
13
13
15
10
18
55
31
10
22
8
18
17
16
12
11
35
8
11
16
11
10
9
10
16
13
39
19
12
17
15
17
19
15
18
15
18
16
11
23
8
14
15
12
12
8
25
7
20
11
13
19
22
13
14
50
10
26
22
8
13
19
43
11
21
22
12
11
24
12
13
17
11
9
22
18
8
19
10
18
8
74
12
16
11
34
9
12
10
10
18
11
16
30
9
26
23
7
14
23
26
10
11
10
26
9
13
8
17
10
9
18
15
16
14
35
11
10
27
11
17
10
11
25
10
8
10
29
11
13
11
12
24
10
21
12
9
10
13
20
18
29
19
41
11
9
19
-1
12
16
23
25
20
8
11
11
8
12
8
8
50
8
25
94
20
7
35
15
11
9
22
10
9
9
13
10
16
19
15
11
15
16
16
12
9
16
10
31
14
8
20
12
13
10
11
10
19
9
55
15
18
8
11
10
8
9
28
8
12
18
22
9
17
19
9
12
9
23
12
15
15
16
19
10
9
17
17
8
10
11
18
14
7
23
7
54
10
21
15
33
13
10
30
26
14
19
25
12
17
36
12
7
12
20
22
9
17
14
15
10
17
14
31
10
9
13
9
36
16
26
8
16
18
21
23
27
40
8
19
17
9
23
14
14
8
25
8
14
13
10
26
8
14
10
10
15
9
76
17
20
15
7
47
21
30
15
14
9
13
8
9
14
25
17
52
18
30
8
38
42
12
14
13
9
17
11
14
9
16
12
12
18
9
11
19
23
13
18
27
24
10
26
10
11
9
22
-1
10
9
10
11
8
17
14
21
16
10
10
11
14
14
17
9
17
13
9
9
21
18
9
19
16
13
51
10
13
10
13
18
11
17
8
11
8
11
9
9
11
7
12
16
11
15
35
12
8
27
14
12
21
33
16
7
12
17
11
8
20
21
24
8
11
13
24
10
54
8
31
10
7
15
10
14
10
9
66
22
31
26
11
12
14
8
35
17
16
11
8
11
16
22
15
11
13
12
10
17
8
14
18
11
16
10
13
12
27
15
21
8
8
18
18
28
9
7
16
30
23
18
15
8
8
7
15
12
19
12
24
17
14
17
14
17
17
11
10
9
10
16
16
13
15
14
14
40
7
9
11
13
24
11
9
23
9
13
21
12
23
19
12
10
8
8
25
11
10
10
9
19
8
35
25
22
9
15
15
10
8
32
18
15
18
10
12
12
7
10
21
18
10
10
9
16
13
13
14
14
17
9
12
10
14
22
10
34
14
13
8
14
14
8
23
18
22
38
13
32
9
10
23
7
32
16
15
23
8
7
10
49
10
10
14
13
9
25
16
24
16
17
13
15
15
20
28
15
9
23
8
16
41
16
31
18
26
10
21
8
7
12
9
13
18
67
11
10
16
19
15
12
19
16
14
28
23
9
12
10
22
16
9
19
22
12
12
10
15
12
19
8
14
27
13
23
15
14
14
9
-1
8
28
12
8
20
13
15
8
15
7
15
24
24
20
12
9
18
15
12
17
8
23
13
28
16
13
12
99
7
15
26
16
9
12
30
24
12
15
11
23
14
13
8
9
17
10
9
10
10
8
11
25
22
10
19
20
23
12
21
50
19
8
31
59
13
14
32
10
8
8
16
12
30
10
14
10
12
17
7
13
17
28
25
8
14
10
21
13
27
17
14
26
8
9
15
16
19
51
10
23
13
12
9
7
8
9
14
12
17
14
-1
20
22
25
14
9
22
10
20
7
12
14
16
25
13
10
9
10
9
13
9
22
13
21
14
8
12
14
24
10
14
22
16
12
27
14
13
13
9
8
10
22
18
32
16
16
7
19
16
20
24
23
16
20
25
18
15
11
9
11
42
10
8
15
22
14
13
14
12
13
10
11
21
11
19
8
16
9
33
12
11
9
31
14
30
10
12
10
13
20
8
9
10
13
16
13
17
10
8
16
15
10
14
12
10
13
15
54
9
17
14
7
10
19
14
12
17
17
7
10
46
24
11
47
9
9
13
21
19
25
18
9
11
10
14
7
8
13
8
13
12
14
24
17
11
34
36
97
