21
21
22
33
23
42
35
26
72
-1
-1
-1
-1
-1
-1
-1
93
64
-1
-1
25
-1
-1
14
-1
-1
17
-1
15
-1
66
-1
-1
21
-1
19
17
61
-1
-1
-1
24
16
24
18
-1
26
-1
25
16
26
24
26
22
-1
-1
-1
-1
29
21
-1
28
22
45
52
-1
25
-1
-1
24
-1
16
23
-1
33
17
-1
16
-1
-1
-1
17
-1
23
-1
-1
49
25
41
-1
39
21
24
23
15
-1
25
40
18
-1
-1
-1
-1
-1
40
-1
-1
-1
22
-1
-1
24
-1
-1
20
21
-1
-1
23
36
21
-1
28
-1
24
-1
-1
-1
28
-1
-1
-1
34
-1
23
-1
-1
-1
-1
-1
38
32
-1
-1
-1
22
34
-1
-1
-1
-1
23
33
15
-1
22
-1
30
-1
25
25
21
15
25
32
-1
73
26
31
23
-1
-1
-1
28
-1
18
-1
-1
-1
40
50
13
-1
21
-1
15
60
31
-1
24
22
-1
25
41
-1
-1
22
-1
31
-1
34
39
-1
-1
42
21
23
-1
53
-1
-1
-1
-1
26
-1
-1
-1
-1
-1
26
-1
-1
22
-1
-1
-1
-1
-1
-1
-1
28
19
60
23
-1
31
30
-1
-1
-1
-1
32
18
-1
-1
-1
88
-1
-1
46
15
20
-1
-1
39
-1
-1
-1
-1
18
61
30
-1
-1
22
-1
-1
-1
-1
17
-1
18
15
-1
35
-1
-1
-1
-1
32
23
-1
65
21
-1
33
26
-1
-1
-1
24
-1
-1
21
-1
24
44
19
25
23
-1
-1
-1
-1
-1
-1
-1
42
-1
15
25
17
44
22
19
-1
-1
-1
-1
18
-1
-1
-1
34
-1
15
26
-1
23
-1
-1
-1
23
32
20
-1
24
-1
20
-1
32
-1
20
-1
20
-1
-1
-1
31
43
-1
-1
-1
40
-1
-1
-1
-1
37
25
22
47
24
32
21
23
-1
23
-1
-1
-1
-1
-1
45
-1
-1
33
-1
21
-1
-1
-1
29
-1
52
23
-1
24
-1
26
31
-1
-1
36
38
24
-1
23
72
-1
38
-1
14
51
20
-1
32
-1
18
-1
14
-1
-1
-1
-1
21
-1
25
-1
21
27
14
26
20
-1
24
-1
15
-1
-1
-1
15
-1
26
-1
21
-1
-1
31
19
-1
-1
21
22
-1
-1
-1
-1
28
21
26
23
-1
-1
22
-1
30
28
-1
-1
41
34
41
-1
17
26
16
16
24
27
48
15
-1
-1
-1
-1
18
-1
17
22
-1
-1
28
-1
33
-1
-1
61
83
-1
50
-1
46
-1
24
-1
25
22
-1
87
-1
-1
-1
18
-1
25
21
23
27
-1
36
66
17
-1
83
-1
-1
-1
22
-1
-1
70
-1
32
18
-1
37
35
18
22
17
-1
-1
40
37
-1
-1
22
15
-1
-1
15
26
-1
44
23
24
30
-1
25
48
-1
-1
-1
-1
47
-1
24
-1
15
-1
19
27
-1
-1
39
22
32
-1
-1
23
21
-1
41
32
-1
24
-1
-1
21
48
-1
-1
-1
45
17
31
-1
44
-1
-1
-1
26
23
26
31
-1
-1
-1
27
-1
31
-1
-1
-1
-1
42
-1
-1
27
-1
-1
23
-1
-1
27
-1
19
18
-1
29
-1
-1
40
93
59
28
47
42
18
-1
-1
-1
22
-1
32
20
-1
44
17
17
-1
-1
-1
-1
-1
-1
33
-1
-1
29
-1
-1
-1
25
25
28
-1
71
51
14
-1
-1
-1
-1
-1
-1
34
22
36
34
-1
-1
-1
21
23
20
16
-1
-1
-1
25
-1
-1
24
28
-1
-1
-1
17
-1
-1
66
-1
16
19
-1
24
15
46
21
16
-1
-1
-1
-1
-1
-1
14
15
15
-1
-1
-1
-1
14
30
-1
-1
-1
-1
86
26
35
29
29
-1
-1
-1
-1
-1
-1
-1
14
-1
-1
21
-1
32
-1
-1
14
-1
43
-1
-1
52
26
22
-1
-1
34
30
54
-1
-1
-1
22
-1
-1
-1
-1
17
24
15
-1
18
23
61
26
20
-1
20
71
-1
-1
-1
-1
-1
-1
-1
21
-1
18
30
-1
-1
24
26
42
-1
-1
27
24
-1
27
-1
-1
24
40
77
28
-1
18
-1
-1
-1
22
-1
-1
26
24
-1
25
-1
38
-1
-1
16
-1
-1
24
-1
-1
-1
-1
-1
41
-1
-1
-1
19
19
-1
-1
-1
-1
28
-1
-1
27
-1
-1
35
36
35
-1
-1
17
-1
-1
-1
16
-1
-1
73
26
-1
-1
20
42
-1
-1
17
-1
51
34
27
-1
-1
-1
21
37
-1
-1
20
25
54
25
14
26
47
-1
19
32
25
-1
26
-1
37
54
-1
-1
25
34
23
-1
22
29
-1
-1
34
-1
53
24
30
29
23
21
-1
49
-1
-1
-1
20
-1
-1
-1
57
33
49
19
20
23
31
26
-1
20
-1
-1
-1
22
31
28
-1
-1
-1
-1
26
-1
-1
40
22
39
-1
86
-1
-1
-1
-1
-1
20
-1
28
22
-1
33
27
31
-1
21
-1
23
-1
22
-1
36
22
33
-1
31
-1
16
32
-1
-1
-1
23
-1
26
-1
-1
-1
-1
26
-1
49
-1
22
-1
20
-1
16
-1
29
24
-1
34
-1
-1
