57
72
-1
-1
-1
-1
-1
-1
69
-1
-1
-1
-1
-1
-1
-1
-1
-1
-1
80
-1
99
95
-1
58
-1
-1
-1
51
-1
-1
-1
-1
-1
-1
98
-1
-1
-1
-1
-1
86
-1
-1
-1
-1
-1
-1
-1
-1
76
89
96
-1
91
-1
49
-1
-1
68
78
63
-1
65
-1
-1
-1
-1
-1
-1
-1
75
-1
-1
-1
-1
40
-1
-1
-1
-1
-1
-1
79
-1
-1
-1
-1
-1
-1
-1
-1
-1
-1
70
-1
-1
-1
-1
-1
64
-1
-1
-1
-1
-1
-1
-1
-1
63
-1
-1
-1
-1
38
-1
-1
-1
-1
-1
-1
-1
-1
-1
62
-1
-1
-1
-1
-1
-1
67
82
-1
-1
-1
-1
43
-1
-1
95
-1
-1
55
-1
-1
-1
-1
-1
-1
-1
-1
-1
62
-1
-1
-1
-1
-1
85
48
-1
-1
81
-1
-1
-1
-1
-1
-1
-1
-1
36
65
-1
-1
-1
-1
-1
-1
-1
-1
-1
-1
-1
-1
67
-1
-1
-1
86
-1
40
-1
-1
-1
-1
-1
-1
-1
-1
94
-1
-1
-1
-1
-1
-1
-1
-1
-1
-1
-1
50
-1
-1
-1
-1
-1
-1
-1
-1
-1
-1
-1
-1
-1
-1
-1
-1
-1
-1
-1
72
-1
92
-1
-1
-1
75
-1
-1
-1
-1
-1
36
-1
-1
-1
-1
39
70
-1
-1
-1
91
-1
-1
-1
-1
49
-1
-1
-1
-1
87
99
-1
-1
43
-1
-1
-1
-1
-1
-1
-1
-1
-1
-1
-1
77
-1
27
-1
-1
-1
-1
38
-1
-1
-1
-1
-1
-1
-1
-1
-1
-1
-1
-1
-1
-1
-1
-1
-1
-1
-1
-1
-1
-1
-1
-1
-1
54
-1
-1
-1
-1
-1
-1
-1
-1
-1
83
-1
-1
-1
-1
-1
-1
-1
-1
-1
-1
-1
-1
57
-1
-1
-1
-1
-1
-1
-1
-1
-1
-1
57
-1
88
-1
-1
-1
-1
-1
-1
-1
-1
-1
-1
-1
-1
57
-1
-1
-1
-1
-1
-1
-1
-1
-1
81
93
41
-1
-1
-1
-1
-1
46
-1
-1
-1
-1
-1
-1
95
-1
-1
-1
-1
-1
-1
73
-1
-1
-1
-1
-1
-1
-1
95
-1
-1
-1
-1
-1
90
-1
-1
-1
-1
-1
-1
-1
-1
-1
-1
-1
-1
-1
-1
-1
48
-1
-1
-1
-1
-1
-1
-1
-1
-1
-1
-1
-1
-1
-1
55
-1
52
-1
100
-1
-1
-1
-1
-1
-1
35
-1
-1
-1
-1
-1
-1
-1
-1
-1
-1
-1
-1
-1
-1
-1
73
-1
-1
-1
-1
-1
-1
-1
-1
-1
70
-1
53
-1
79
-1
-1
71
-1
-1
-1
-1
90
-1
-1
-1
-1
-1
-1
-1
-1
-1
-1
-1
-1
-1
-1
-1
-1
-1
-1
-1
-1
63
43
-1
53
-1
-1
-1
-1
-1
-1
-1
-1
-1
-1
-1
-1
-1
-1
-1
-1
-1
48
-1
-1
-1
-1
-1
-1
-1
-1
-1
-1
-1
-1
-1
-1
-1
73
-1
-1
25
-1
-1
29
-1
-1
-1
-1
-1
79
-1
-1
19
-1
-1
95
-1
-1
60
-1
-1
-1
-1
-1
-1
-1
-1
-1
-1
-1
-1
-1
-1
-1
-1
-1
-1
-1
-1
90
-1
-1
99
-1
-1
-1
-1
-1
-1
-1
-1
-1
-1
-1
-1
-1
-1
-1
-1
-1
-1
-1
-1
-1
-1
-1
-1
-1
-1
-1
-1
-1
-1
-1
-1
-1
-1
-1
-1
-1
-1
-1
-1
-1
-1
-1
-1
-1
-1
-1
66
-1
-1
-1
-1
77
-1
-1
-1
-1
-1
-1
-1
-1
-1
-1
-1
58
-1
-1
40
-1
-1
-1
-1
49
-1
-1
-1
37
-1
-1
-1
-1
-1
-1
-1
-1
-1
79
-1
-1
-1
-1
-1
-1
-1
-1
60
-1
41
-1
-1
-1
82
-1
-1
-1
95
-1
-1
-1
-1
-1
-1
-1
-1
-1
-1
-1
-1
-1
-1
34
58
-1
88
-1
-1
-1
-1
-1
-1
-1
-1
-1
-1
-1
91
55
-1
-1
-1
-1
-1
-1
-1
-1
-1
-1
-1
-1
-1
-1
-1
-1
-1
-1
-1
54
-1
-1
-1
-1
-1
-1
-1
-1
-1
-1
-1
55
-1
-1
42
-1
-1
-1
-1
-1
-1
-1
-1
-1
-1
-1
-1
-1
49
-1
-1
87
-1
-1
79
-1
-1
-1
-1
-1
-1
-1
-1
-1
-1
-1
-1
-1
-1
-1
-1
-1
-1
-1
-1
88
-1
-1
89
-1
-1
-1
-1
-1
-1
-1
-1
-1
-1
-1
-1
-1
-1
46
-1
100
-1
-1
-1
-1
-1
50
-1
-1
-1
-1
-1
-1
-1
-1
-1
-1
-1
-1
-1
92
65
-1
-1
-1
-1
-1
-1
-1
-1
-1
36
-1
-1
-1
-1
-1
62
-1
-1
-1
-1
-1
-1
-1
-1
-1
-1
-1
-1
-1
53
-1
-1
-1
-1
85
-1
-1
72
-1
-1
-1
-1
-1
-1
84
89
33
-1
-1
47
-1
-1
-1
-1
-1
52
-1
-1
-1
-1
-1
57
-1
-1
-1
-1
-1
-1
-1
-1
-1
-1
-1
75
44
-1
-1
-1
-1
-1
-1
-1
-1
-1
-1
49
-1
-1
-1
-1
-1
-1
-1
-1
25
-1
-1
-1
-1
-1
62
-1
-1
-1
56
-1
88
-1
-1
78
63
36
-1
-1
-1
-1
-1
-1
-1
-1
-1
-1
-1
-1
-1
-1
-1
82
-1
-1
-1
-1
37
-1
-1
-1
-1
-1
-1
-1
-1
-1
-1
-1
-1
-1
-1
-1
93
-1
-1
-1
-1
