92
226
139
329
-1
-1
-1
-1
-1
206
468
-1
88
-1
-1
-1
-1
-1
-1
349
-1
-1
-1
156
-1
-1
293
-1
90
356
-1
409
254
-1
-1
-1
-1
-1
-1
-1
176
247
125
69
-1
-1
-1
-1
104
-1
-1
-1
168
-1
-1
-1
387
-1
-1
-1
-1
-1
-1
393
-1
-1
449
327
-1
178
208
-1
558
75
232
346
-1
273
223
387
-1
-1
-1
333
-1
-1
302
-1
-1
-1
-1
-1
-1
-1
-1
196
-1
-1
-1
-1
194
123
138
283
174
-1
-1
-1
-1
139
-1
-1
301
121
269
-1
160
-1
167
-1
360
55
-1
-1
-1
-1
-1
-1
296
-1
306
-1
-1
589
74
-1
-1
-1
274
142
-1
-1
371
197
-1
188
304
-1
-1
-1
204
63
-1
-1
-1
-1
-1
-1
-1
461
60
-1
468
-1
301
-1
-1
351
154
-1
304
-1
104
558
486
-1
230
-1
368
-1
-1
-1
101
272
-1
-1
-1
-1
248
-1
243
391
-1
-1
586
561
260
-1
-1
-1
