216
362
385
67
-1
-1
171
198
-1
156
-1
-1
67
76
83
105
-1
296
145
302
128
226
153
-1
225
109
109
-1
478
-1
98
68
165
40
-1
97
78
124
-1
-1
-1
379
-1
63
-1
56
146
94
-1
-1
75
62
-1
127
-1
169
-1
54
137
253
-1
88
423
-1
-1
138
-1
-1
-1
37
261
353
121
-1
98
54
-1
95
-1
97
117
-1
149
50
167
-1
360
226
118
358
482
60
49
134
228
72
-1
-1
580
-1
62
209
317
157
324
210
262
-1
-1
-1
-1
76
57
270
204
203
-1
129
-1
228
75
-1
-1
-1
-1
240
-1
166
96
-1
-1
211
-1
-1
96
53
-1
443
-1
136
-1
51
191
-1
312
-1
112
-1
-1
-1
75
-1
445
-1
278
216
-1
64
202
412
68
-1
-1
47
208
163
-1
41
109
133
-1
177
-1
-1
-1
-1
109
326
208
109
373
71
370
215
-1
215
-1
-1
154
38
160
293
111
47
-1
203
204
-1
-1
-1
