19
22
31
-1
21
42
-1
23
15
15
50
19
22
26
21
17
36
43
-1
53
28
20
18
28
54
87
25
17
30
11
20
27
17
49
16
-1
11
24
12
36
14
23
30
18
13
46
22
17
13
26
21
17
16
13
22
12
-1
29
23
15
113
17
-1
43
18
23
22
12
24
35
-1
-1
-1
20
57
16
27
27
13
14
35
31
31
66
22
17
36
26
20
21
15
28
21
29
27
23
-1
-1
-1
-1
10
14
18
13
28
25
26
12
24
19
39
71
28
17
16
17
16
15
16
48
35
16
29
47
28
15
11
29
19
56
55
37
25
27
26
56
41
16
27
15
45
16
27
22
16
26
20
19
32
17
21
41
19
23
19
19
21
45
28
20
18
33
24
110
21
48
72
-1
18
45
22
23
16
45
13
29
23
45
20
42
18
16
19
32
16
57
14
20
14
30
20
30
27
13
26
27
-1
-1
-1
-1
