35
51
52
50
34
52
158
155
304
-1
-1
17
-1
245
-1
71
80
161
-1
147
-1
26
16
19
-1
47
169
152
151
36
340
99
-1
88
69
-1
55
196
140
22
-1
82
120
88
48
35
232
94
127
24
270
238
183
206
27
33
193
32
92
386
150
-1
400
32
73
52
-1
238
-1
204
165
63
94
-1
152
-1
-1
230
257
-1
-1
266
42
73
61
79
-1
105
286
87
311
26
-1
81
-1
533
-1
468
569
-1
19
19
48
44
129
208
65
22
146
42
21
52
122
390
22
-1
48
506
-1
51
42
274
-1
57
135
56
139
391
17
129
369
149
98
62
62
15
14
19
-1
308
-1
51
228
-1
45
175
-1
88
-1
183
-1
82
24
44
319
44
-1
101
32
38
88
200
221
33
280
17
287
149
130
421
56
139
58
41
16
44
337
-1
176
62
103
147
136
40
335
72
102
353
14
265
66
141
-1
-1
333
102
236
292
-1
-1
