7
9
8
15
18
26
23
15
21
11
15
30
10
45
7
21
11
13
8
13
13
8
13
13
34
16
11
25
12
10
13
9
27
17
24
18
30
44
33
12
10
11
21
22
14
17
24
19
30
52
7
8
14
17
19
14
7
14
21
9
30
30
21
12
18
8
17
11
7
7
18
26
14
8
16
13
8
9
13
18
7
19
24
15
31
15
12
10
17
9
7
16
14
17
21
23
18
9
14
38
14
13
12
14
9
26
13
23
19
12
9
27
9
25
9
7
15
31
19
9
26
9
18
8
18
33
11
19
11
11
56
16
13
20
17
32
19
9
19
10
12
17
18
9
13
8
12
7
11
32
11
22
10
25
30
30
7
15
7
8
15
24
20
19
22
10
9
11
19
24
11
25
15
21
18
7
9
16
25
12
13
44
10
13
9
11
22
11
26
10
9
13
12
12
8
29
8
9
22
23
