11
15
25
16
17
28
9
17
34
19
19
19
34
15
51
8
11
48
126
9
23
11
13
9
115
139
21
42
9
17
16
21
9
16
8
51
110
25
19
12
16
25
34
22
24
28
14
18
13
39
36
19
15
16
56
44
9
18
11
35
9
23
9
29
14
8
24
36
36
22
53
23
22
61
26
17
10
9
7
10
95
8
18
31
10
7
16
7
8
25
42
27
26
7
40
47
19
25
60
139
10
11
7
29
22
28
24
42
47
18
14
42
10
32
25
12
17
8
7
16
13
21
33
39
25
84
36
10
9
18
60
36
7
10
95
33
18
38
36
18
57
45
59
190
19
46
12
33
8
47
23
9
18
9
9
14
10
24
33
13
10
12
10
38
29
15
23
31
56
59
21
25
23
7
9
43
17
35
25
9
28
26
68
15
21
19
30
24
11
62
113
21
15
19
26
121
185
198
175
-1
