253
-1
-1
-1
-1
-1
-1
-1
-1
263
305
-1
-1
-1
-1
339
-1
-1
-1
-1
275
-1
-1
-1
-1
-1
-1
-1
-1
-1
-1
-1
-1
-1
-1
-1
-1
-1
-1
-1
-1
-1
-1
-1
-1
-1
-1
-1
286
-1
-1
-1
-1
294
-1
-1
-1
-1
-1
-1
-1
-1
-1
-1
-1
-1
-1
-1
-1
-1
-1
-1
221
-1
-1
-1
-1
-1
-1
-1
524
572
-1
547
-1
478
-1
-1
-1
-1
-1
-1
-1
-1
-1
-1
-1
-1
-1
-1
-1
-1
-1
-1
-1
-1
-1
-1
-1
-1
-1
-1
-1
-1
-1
-1
-1
473
363
-1
-1
-1
-1
-1
358
-1
-1
-1
-1
-1
-1
-1
293
-1
-1
-1
-1
-1
-1
-1
-1
-1
-1
-1
-1
-1
-1
-1
-1
-1
578
-1
-1
502
-1
-1
-1
-1
-1
-1
-1
-1
-1
-1
291
-1
-1
-1
-1
-1
-1
-1
-1
-1
-1
333
-1
-1
204
-1
-1
-1
555
-1
-1
-1
-1
-1
-1
-1
-1
-1
-1
-1
-1
-1
-1
-1
-1
-1
