418
-1
-1
-1
-1
-1
-1
533
-1
411
-1
-1
-1
273
-1
-1
-1
-1
-1
-1
-1
-1
-1
-1
-1
223
-1
-1
-1
-1
-1
-1
-1
-1
453
-1
-1
-1
-1
-1
485
-1
-1
366
284
-1
-1
368
161
-1
-1
345
-1
130
-1
-1
-1
-1
-1
-1
-1
-1
325
-1
-1
366
-1
-1
-1
-1
-1
336
-1
117
-1
-1
-1
-1
94
-1
-1
-1
-1
-1
-1
197
-1
-1
-1
-1
-1
-1
-1
-1
-1
-1
-1
410
-1
-1
168
-1
-1
-1
-1
-1
-1
-1
-1
537
-1
-1
-1
-1
-1
-1
-1
-1
-1
-1
-1
-1
-1
-1
110
-1
-1
402
466
-1
-1
-1
-1
-1
-1
-1
365
-1
-1
-1
-1
-1
-1
-1
-1
156
-1
-1
-1
-1
-1
-1
-1
143
-1
370
-1
-1
325
-1
-1
285
-1
433
-1
-1
590
-1
-1
-1
-1
561
-1
-1
-1
-1
-1
-1
-1
-1
-1
540
-1
-1
143
-1
389
-1
378
-1
-1
-1
107
-1
-1
290
-1
-1
-1
-1
