27
18
28
-1
-1
-1
-1
220
-1
-1
-1
-1
27
-1
24
-1
-1
-1
-1
-1
16
-1
19
16
-1
-1
-1
25
-1
-1
15
34
-1
-1
69
16
-1
-1
-1
14
39
-1
30
24
22
267
-1
-1
-1
-1
-1
26
-1
34
-1
-1
-1
51
-1
61
32
-1
-1
-1
19
37
23
22
55
-1
25
-1
-1
27
-1
40
-1
-1
21
19
38
36
-1
15
-1
20
-1
26
23
24
-1
-1
-1
44
-1
36
-1
-1
-1
-1
23
25
34
-1
-1
-1
-1
32
-1
-1
67
31
-1
-1
30
-1
-1
-1
-1
15
24
29
25
38
-1
-1
-1
21
29
27
-1
59
-1
24
21
19
22
-1
-1
-1
-1
-1
25
17
-1
-1
-1
-1
25
-1
48
-1
22
-1
-1
15
36
-1
30
-1
-1
-1
-1
-1
-1
40
22
-1
14
-1
29
26
-1
31
-1
23
-1
22
-1
-1
-1
33
23
35
25
20
-1
-1
30
20
-1
-1
29
131
24
19
-1
-1
-1
-1
