19
23
29
68
95
46
11
14
25
84
34
170
186
43
75
14
115
178
35
18
46
114
13
91
26
241
-1
29
22
35
-1
-1
497
19
64
153
46
134
22
11
105
88
19
40
14
52
20
34
149
11
77
25
15
87
-1
43
159
24
20
56
111
17
88
168
11
22
29
347
400
31
102
62
19
69
85
89
21
111
302
126
25
333
111
21
80
65
202
22
67
29
24
38
17
-1
35
32
66
156
-1
-1
22
23
33
73
53
27
134
100
179
70
11
24
18
124
26
178
12
10
34
12
191
57
24
16
82
65
228
76
13
14
107
29
19
21
95
12
17
45
19
89
319
35
165
24
28
12
17
43
34
29
39
21
23
-1
115
29
246
-1
24
12
11
27
32
-1
12
27
22
13
35
14
67
66
13
205
11
22
174
19
125
20
-1
12
-1
52
377
440
59
126
71
46
22
27
42
122
74
108
388
-1
-1
501
