104
98
27
16
135
182
-1
171
18
-1
204
151
192
35
-1
43
-1
-1
200
106
130
157
185
89
164
-1
95
224
16
348
117
57
192
153
227
243
25
42
77
38
22
73
266
152
137
81
34
-1
25
124
535
-1
95
179
64
124
122
223
-1
-1
162
62
18
119
-1
76
-1
246
63
-1
206
152
80
61
180
48
371
94
-1
-1
182
341
410
239
67
115
83
85
223
269
265
75
-1
127
-1
-1
82
300
51
187
135
444
49
166
60
34
-1
61
-1
291
73
-1
-1
383
-1
-1
20
-1
181
154
59
62
-1
134
231
137
174
-1
223
446
61
14
32
77
53
129
213
113
142
284
136
55
-1
-1
110
120
85
137
-1
99
139
-1
355
40
94
-1
121
143
32
103
23
363
-1
352
-1
-1
158
39
-1
43
43
47
163
84
86
26
196
-1
102
106
227
50
135
59
153
305
-1
151
-1
46
66
239
-1
15
16
190
176
207
31
-1
358
28
75
60
16
84
258
91
43
-1
118
67
54
489
375
191
192
231
431
51
-1
-1
220
55
-1
67
40
59
276
135
-1
210
208
62
276
310
51
14
-1
82
140
81
83
109
64
90
306
-1
208
35
27
-1
41
40
50
196
-1
169
153
15
-1
149
63
-1
91
502
71
18
76
155
-1
86
120
95
65
56
222
-1
71
433
53
120
179
29
357
127
62
583
-1
-1
223
65
426
48
203
80
96
106
-1
390
