-1
-1
-1
48
-1
-1
-1
-1
59
-1
-1
-1
-1
24
-1
-1
-1
-1
-1
-1
-1
-1
-1
-1
-1
-1
-1
-1
-1
-1
-1
39
-1
30
-1
-1
-1
31
-1
28
-1
-1
-1
-1
-1
-1
-1
-1
-1
-1
28
-1
52
-1
-1
-1
249
-1
-1
55
-1
-1
-1
-1
-1
-1
-1
-1
61
-1
113
-1
36
-1
-1
-1
-1
33
-1
-1
32
20
156
-1
-1
-1
-1
-1
-1
-1
-1
-1
-1
-1
-1
45
-1
-1
-1
-1
21
-1
-1
-1
-1
74
26
-1
-1
-1
-1
-1
-1
-1
-1
-1
-1
41
-1
-1
-1
51
-1
-1
-1
-1
29
-1
58
-1
-1
-1
-1
-1
-1
-1
20
-1
-1
-1
-1
-1
-1
-1
-1
-1
-1
-1
-1
-1
-1
-1
-1
26
-1
-1
-1
34
-1
-1
30
-1
-1
33
-1
-1
33
-1
-1
-1
-1
-1
-1
-1
-1
-1
-1
-1
-1
-1
-1
-1
-1
-1
-1
17
-1
-1
-1
-1
-1
-1
-1
-1
-1
-1
-1
-1
-1
48
85
-1
-1
-1
-1
-1
-1
-1
-1
-1
27
-1
-1
42
24
-1
-1
-1
-1
-1
-1
-1
-1
-1
31
-1
-1
-1
-1
-1
-1
-1
-1
-1
-1
43
-1
-1
-1
-1
-1
-1
-1
-1
-1
-1
-1
-1
-1
-1
-1
-1
-1
-1
-1
-1
-1
-1
-1
-1
-1
-1
-1
-1
-1
-1
-1
-1
-1
-1
-1
-1
-1
-1
-1
-1
50
-1
-1
-1
-1
-1
-1
-1
-1
-1
-1
-1
-1
-1
-1
-1
-1
-1
-1
-1
-1
-1
-1
-1
