150
141
428
107
110
-1
-1
53
94
55
144
284
104
68
268
201
260
68
-1
-1
34
160
137
112
220
132
195
75
88
260
24
56
29
-1
49
519
66
-1
123
61
230
92
424
95
189
298
-1
212
83
290
76
188
351
142
163
101
208
88
17
-1
34
225
-1
101
76
201
121
36
-1
79
60
187
34
36
279
61
59
142
162
263
-1
177
-1
-1
31
160
207
513
16
93
16
68
82
41
150
-1
-1
310
176
147
-1
227
197
200
14
193
22
-1
133
145
92
-1
-1
89
183
60
19
-1
-1
-1
184
-1
-1
80
99
292
144
41
157
103
-1
23
-1
-1
119
74
58
61
-1
75
189
-1
207
-1
88
75
-1
110
95
209
483
-1
283
47
138
-1
235
16
222
71
54
226
-1
443
49
167
100
-1
166
211
430
83
241
-1
131
271
279
480
183
-1
-1
-1
211
31
178
228
60
149
310
168
232
-1
156
190
-1
271
-1
-1
220
-1
343
233
218
81
-1
-1
189
-1
-1
-1
113
113
19
44
47
-1
73
194
-1
33
75
409
31
39
139
99
56
198
72
392
120
-1
205
51
138
-1
213
220
96
24
63
61
-1
-1
149
103
72
143
204
187
378
20
63
-1
81
117
127
327
323
43
105
-1
45
380
79
130
45
191
284
122
-1
64
43
54
50
149
257
187
-1
317
340
357
135
-1
142
74
143
27
80
-1
37
273
54
148
111
58
102
131
490
-1
