155
199
16
312
103
275
45
126
260
-1
82
19
102
196
45
247
59
105
20
-1
88
14
196
21
-1
19
-1
69
-1
43
138
68
80
426
-1
-1
-1
379
80
67
25
62
35
-1
112
33
225
369
-1
123
93
224
144
-1
179
143
467
159
365
120
169
155
-1
137
16
-1
28
161
-1
59
34
355
71
64
277
34
-1
-1
50
73
74
42
55
45
179
30
15
-1
344
89
200
-1
-1
287
-1
39
77
360
71
20
15
17
-1
-1
223
52
180
14
190
-1
-1
229
-1
259
48
88
18
381
87
25
83
167
-1
-1
256
194
-1
102
-1
111
109
60
127
42
-1
199
25
16
66
-1
148
529
33
78
363
45
40
129
92
-1
67
39
38
99
27
275
-1
-1
222
196
190
527
-1
51
63
-1
110
374
283
207
114
206
162
150
-1
-1
211
-1
273
334
-1
33
240
95
95
45
66
55
336
-1
108
419
173
-1
87
246
197
132
52
217
-1
43
233
158
203
-1
129
49
341
45
150
75
188
14
50
-1
233
110
-1
29
55
183
217
401
77
37
70
279
79
111
14
61
51
-1
108
57
56
-1
192
574
111
53
25
39
-1
-1
190
187
43
230
-1
152
133
202
53
-1
168
32
152
135
34
39
214
-1
292
153
15
59
15
223
-1
505
32
20
17
58
51
70
496
291
323
122
67
188
481
-1
60
203
173
282
20
21
199
-1
-1
103
82
-1
109
-1
