87
99
178
241
397
49
-1
339
58
206
126
35
102
278
124
43
94
182
14
201
-1
69
246
298
98
72
554
78
-1
338
108
-1
269
253
80
186
350
49
181
-1
49
101
360
-1
124
-1
202
57
-1
254
400
248
-1
137
-1
14
61
168
-1
187
-1
-1
78
-1
63
66
-1
145
93
21
396
51
192
146
154
349
45
15
-1
63
123
325
78
-1
162
35
36
365
59
460
60
122
49
45
392
284
482
-1
106
-1
-1
193
33
-1
57
285
48
78
498
287
-1
165
14
46
-1
133
69
218
62
310
51
-1
234
75
-1
116
114
-1
-1
113
-1
101
-1
92
97
139
-1
37
14
50
156
127
66
95
61
169
24
42
36
120
-1
586
223
-1
14
56
233
49
552
73
183
-1
77
25
202
-1
64
-1
175
314
-1
50
-1
-1
250
15
-1
96
37
128
158
493
75
75
442
40
-1
235
445
358
137
79
478
115
592
80
64
41
118
131
34
-1
-1
257
84
84
16
146
52
447
179
71
137
-1
71
38
76
132
155
-1
43
190
196
139
54
51
53
67
449
-1
-1
21
175
269
116
194
156
442
100
-1
173
28
53
195
79
88
-1
50
116
515
127
218
530
99
-1
-1
72
-1
-1
583
441
-1
-1
-1
58
77
48
-1
186
53
-1
57
305
102
65
146
517
-1
20
-1
295
-1
296
18
171
473
26
73
383
-1
231
169
68
258
15
55
184
57
-1
-1
