27
63
31
93
130
147
328
32
208
-1
-1
46
107
286
51
69
157
186
40
153
153
96
31
14
66
45
-1
-1
571
20
301
-1
413
-1
132
116
141
16
16
42
62
58
35
34
79
21
-1
-1
143
94
-1
175
23
37
-1
-1
156
-1
174
236
137
54
24
14
-1
-1
88
203
64
113
97
60
281
-1
83
69
-1
-1
-1
-1
50
118
87
513
29
-1
212
170
90
412
35
86
21
-1
-1
58
60
15
94
32
166
381
90
-1
22
135
354
192
-1
29
131
68
70
-1
39
566
-1
-1
14
178
191
-1
134
17
34
-1
-1
47
220
81
60
96
104
-1
92
163
-1
49
21
343
-1
63
460
18
112
92
198
44
280
58
231
83
102
26
23
93
68
40
-1
33
-1
-1
136
108
17
56
43
16
238
41
101
117
-1
-1
-1
33
59
23
44
98
90
93
14
59
-1
23
136
47
41
261
56
123
71
135
17
54
41
-1
61
101
278
162
195
223
33
28
58
89
114
44
93
145
168
35
46
246
37
55
-1
40
32
259
135
87
150
46
85
96
-1
-1
116
183
17
209
428
-1
16
-1
237
83
83
176
95
233
115
153
189
122
166
21
31
296
-1
28
49
233
56
104
32
29
33
16
273
318
122
204
97
65
33
140
-1
168
20
168
58
50
14
94
156
24
396
158
568
-1
-1
32
90
56
16
-1
67
64
66
-1
-1
72
-1
89
-1
-1
