108
245
260
243
86
232
51
96
263
101
-1
163
18
248
57
53
44
380
216
153
311
210
60
-1
77
101
537
197
-1
56
85
154
132
-1
437
127
263
-1
183
131
66
117
91
87
244
186
324
97
-1
39
-1
-1
-1
129
413
108
373
89
181
68
-1
51
173
208
44
140
95
222
45
-1
-1
157
45
-1
16
-1
44
132
26
95
87
147
179
129
23
-1
65
78
384
-1
123
28
-1
190
357
52
-1
-1
30
149
-1
196
-1
197
241
-1
107
71
170
477
-1
82
42
149
80
407
-1
-1
434
76
208
156
66
297
29
-1
230
342
139
113
379
448
191
364
34
553
60
45
60
123
-1
14
190
-1
-1
-1
308
177
222
95
116
350
-1
-1
-1
-1
-1
98
89
-1
59
197
53
116
41
-1
117
-1
15
46
-1
-1
149
-1
-1
-1
136
143
138
-1
-1
61
80
-1
66
80
89
52
48
37
442
83
184
123
145
27
204
521
338
395
63
91
210
168
29
209
-1
197
71
-1
-1
151
155
-1
459
52
68
347
-1
-1
38
22
155
206
-1
46
103
16
-1
83
163
117
74
-1
-1
374
360
245
18
-1
122
315
53
80
564
-1
62
324
-1
-1
-1
98
-1
178
161
15
79
156
228
27
127
-1
118
381
296
98
22
14
-1
21
167
195
19
214
61
568
-1
359
38
91
27
-1
576
58
15
490
100
67
390
213
35
-1
53
-1
179
111
211
208
519
-1
