150
-1
-1
-1
123
355
147
67
363
319
-1
259
15
-1
63
55
213
70
81
53
45
25
177
103
478
281
291
326
-1
423
464
439
49
157
19
-1
51
418
56
31
266
217
200
-1
48
553
127
14
23
214
40
52
34
202
-1
136
85
90
211
102
-1
-1
406
143
386
131
-1
328
311
69
34
234
-1
146
-1
117
-1
231
122
185
-1
110
54
265
244
-1
137
81
456
236
413
77
69
171
170
-1
387
-1
246
-1
-1
85
41
-1
-1
413
157
-1
-1
154
42
260
-1
243
16
211
-1
141
-1
315
58
67
253
221
97
340
326
63
121
412
288
-1
67
83
212
392
57
-1
566
166
123
194
15
-1
-1
69
-1
250
402
138
-1
201
116
196
265
305
204
-1
-1
350
-1
241
-1
312
407
186
88
76
136
237
330
-1
122
71
81
129
49
92
80
-1
41
126
-1
148
155
-1
53
-1
99
130
-1
199
320
158
134
169
47
236
-1
36
-1
-1
-1
34
107
306
425
70
450
-1
193
41
240
499
-1
289
279
116
281
347
262
-1
188
73
53
45
296
208
150
-1
98
-1
151
-1
364
261
358
14
186
291
104
131
-1
-1
94
120
22
186
32
50
152
73
132
-1
193
87
42
192
-1
93
-1
65
-1
569
68
181
94
43
-1
101
-1
563
171
129
118
-1
104
-1
365
37
265
-1
477
-1
293
62
400
327
64
514
-1
59
169
87
-1
-1
36
247
-1
-1
