113
94
114
470
205
73
39
165
-1
592
-1
-1
14
300
460
-1
-1
78
69
101
-1
48
89
-1
152
93
198
298
214
-1
-1
116
31
181
129
50
186
55
229
-1
38
121
-1
128
34
444
33
267
23
59
175
42
225
-1
91
138
137
22
28
188
37
145
93
-1
16
150
451
162
96
165
-1
198
57
275
31
143
241
200
106
80
106
192
45
336
58
-1
87
43
45
332
202
66
118
247
47
23
94
95
85
56
170
113
103
41
77
242
-1
401
238
131
244
35
53
-1
79
29
-1
48
56
49
-1
89
-1
279
44
-1
-1
21
16
70
33
17
-1
162
-1
46
-1
-1
81
202
222
-1
348
69
75
28
-1
176
431
-1
-1
439
87
142
-1
52
194
149
17
89
105
42
213
108
110
34
68
55
-1
68
75
422
204
-1
90
-1
143
548
89
73
124
41
128
-1
56
130
96
108
460
34
193
-1
-1
100
-1
24
266
303
-1
-1
-1
-1
116
74
381
-1
65
94
-1
150
111
112
106
76
154
-1
-1
152
83
56
37
198
-1
48
390
60
196
484
323
-1
14
77
69
94
-1
-1
45
159
47
124
-1
83
-1
64
64
37
30
-1
45
-1
-1
56
-1
57
193
514
168
38
224
106
-1
251
14
90
261
-1
-1
274
-1
593
183
-1
219
19
137
56
-1
157
121
39
-1
196
223
367
62
129
-1
-1
-1
40
138
-1
392
113
65
161
462
217
453
162
