113
60
345
-1
-1
73
87
133
46
108
50
-1
53
67
22
37
76
15
102
44
157
63
546
-1
44
16
16
21
192
165
-1
80
220
-1
166
63
65
71
193
145
115
53
304
338
214
204
203
265
175
184
-1
183
-1
398
85
-1
209
390
-1
270
-1
73
35
-1
-1
26
-1
68
151
115
57
395
-1
246
87
491
138
-1
357
104
182
248
15
335
41
22
-1
232
303
30
24
202
201
20
67
69
42
105
90
60
76
68
63
253
-1
45
53
24
193
73
351
159
52
15
69
94
-1
467
37
30
218
213
28
-1
23
393
71
141
431
37
223
56
115
300
-1
30
21
-1
41
52
233
168
25
246
80
54
-1
-1
32
228
25
36
120
178
517
26
-1
15
101
176
-1
25
50
164
-1
74
57
59
-1
61
256
16
122
404
142
-1
35
-1
99
186
-1
54
58
117
-1
59
322
190
-1
121
233
90
178
56
139
-1
19
221
111
-1
434
34
200
198
249
68
-1
52
-1
183
111
-1
86
170
113
24
265
174
120
293
202
129
186
-1
16
51
-1
246
219
528
356
531
69
505
109
59
31
67
32
410
25
20
-1
48
217
41
102
16
37
318
159
94
179
52
74
-1
483
14
253
-1
150
69
35
48
-1
-1
28
52
292
64
386
71
72
159
123
291
77
-1
290
72
65
37
16
36
22
40
-1
229
272
67
318
194
529
24
178
170
98
53
71
154
