244
47
407
31
111
47
-1
43
-1
-1
-1
113
111
66
84
215
141
-1
129
107
57
50
194
271
185
68
77
227
65
73
80
-1
82
123
47
72
37
131
87
-1
493
429
-1
-1
560
-1
134
75
170
41
99
21
112
18
33
149
41
52
143
18
100
-1
292
49
341
36
87
-1
109
-1
247
46
17
41
68
53
322
18
160
191
34
131
138
87
24
17
314
71
231
26
42
19
104
-1
31
142
72
109
84
35
47
286
-1
253
143
269
368
55
20
82
20
24
-1
111
-1
152
214
60
89
22
194
157
78
577
121
14
231
26
-1
-1
55
90
73
67
99
67
43
198
67
21
233
29
18
82
35
61
56
117
40
15
27
84
68
-1
105
55
53
175
-1
194
131
35
102
159
-1
309
61
195
74
35
14
39
397
100
539
170
252
81
184
91
223
-1
22
43
122
-1
20
51
102
62
129
503
219
141
-1
272
56
-1
91
16
81
232
444
173
116
245
-1
-1
64
307
59
39
28
-1
152
234
94
142
66
22
174
317
-1
45
477
80
-1
138
447
-1
530
-1
18
-1
-1
183
-1
170
69
60
61
31
148
135
56
98
-1
38
19
122
60
215
96
57
-1
179
107
158
45
109
157
189
37
36
207
71
143
48
77
35
67
254
-1
14
402
141
450
149
-1
66
40
273
68
270
160
123
97
15
48
56
183
274
177
251
-1
58
122
96
156
-1
