135
31
190
50
38
-1
433
122
61
162
-1
112
265
15
-1
44
-1
-1
417
-1
44
368
76
93
435
479
172
141
386
39
-1
-1
-1
-1
123
122
63
211
-1
-1
-1
-1
165
193
-1
84
124
74
217
-1
37
170
216
195
-1
75
26
165
159
-1
-1
389
75
93
299
118
-1
-1
147
139
-1
54
-1
-1
251
185
-1
230
128
311
241
110
293
175
73
38
152
46
277
90
45
114
-1
67
75
107
-1
39
120
63
-1
14
-1
173
-1
403
228
-1
366
37
70
92
33
86
26
365
-1
251
272
27
32
75
70
25
347
-1
381
-1
98
15
90
81
203
175
277
-1
209
69
181
294
-1
74
178
146
171
106
348
43
41
75
-1
45
-1
82
89
116
53
17
139
62
372
-1
165
297
29
70
394
56
-1
203
62
126
-1
111
176
-1
63
-1
169
-1
50
176
14
476
148
37
257
144
97
257
-1
-1
218
-1
-1
191
149
246
16
-1
91
-1
20
124
44
-1
-1
82
116
-1
-1
85
22
27
177
15
-1
161
269
177
-1
-1
279
129
272
-1
36
277
135
420
166
118
225
84
133
-1
242
368
269
69
33
-1
362
529
340
41
73
70
-1
52
70
66
171
229
170
53
479
56
541
200
-1
-1
268
124
231
-1
188
-1
193
45
371
69
34
-1
-1
-1
115
183
114
120
72
323
41
116
68
177
101
-1
374
111
42
256
244
58
126
216
90
-1
230
-1
