78
144
247
16
131
35
-1
-1
228
286
-1
219
107
126
52
111
377
203
188
61
217
306
167
208
154
324
15
338
16
-1
-1
-1
-1
-1
471
48
440
-1
357
76
40
159
292
542
-1
119
97
147
35
120
115
20
-1
130
-1
49
66
32
211
273
115
67
-1
-1
176
351
332
-1
-1
-1
286
174
-1
225
-1
168
72
38
124
-1
125
166
-1
-1
73
45
-1
-1
276
134
316
320
37
-1
-1
124
53
452
417
-1
-1
-1
206
-1
231
192
327
350
-1
526
110
-1
76
-1
-1
-1
-1
110
159
357
269
-1
-1
292
62
85
557
22
-1
-1
355
130
57
240
63
17
114
190
257
148
103
-1
144
108
138
-1
487
-1
272
175
572
48
43
15
125
49
164
171
231
91
-1
318
171
186
137
250
364
130
113
-1
-1
115
314
65
534
-1
-1
141
14
93
201
-1
94
29
247
-1
235
226
426
240
141
15
223
-1
165
77
155
391
31
246
53
199
47
543
-1
44
114
233
208
-1
-1
97
186
-1
81
216
219
251
286
134
-1
122
-1
459
401
14
129
556
-1
-1
15
-1
-1
346
116
128
57
152
538
380
465
118
-1
206
-1
209
201
400
200
50
34
483
73
-1
97
-1
-1
299
82
170
-1
245
-1
194
44
299
207
139
-1
446
58
15
102
165
-1
-1
-1
-1
-1
-1
275
562
-1
141
-1
207
-1
156
-1
163
109
139
143
-1
-1
223
17
-1
-1
-1
