14
64
93
20
188
252
293
403
43
47
26
386
74
129
54
130
194
78
-1
141
221
97
494
15
170
47
29
35
73
-1
84
188
45
186
16
99
-1
182
130
62
-1
172
-1
22
-1
109
139
94
295
68
161
36
98
-1
123
42
32
38
-1
72
69
229
-1
356
-1
-1
243
44
30
-1
-1
343
103
-1
54
101
-1
118
77
-1
193
56
-1
164
-1
349
-1
173
174
29
588
218
264
36
264
144
322
17
-1
15
108
44
84
541
173
108
-1
141
499
205
37
292
230
150
432
227
-1
53
16
-1
215
14
53
315
-1
93
437
55
167
177
41
182
286
16
260
148
67
29
67
182
44
92
-1
92
212
-1
339
67
-1
55
42
89
66
-1
66
282
-1
208
56
33
28
-1
35
-1
196
498
62
61
69
23
44
43
-1
406
130
81
-1
61
314
41
186
231
-1
104
-1
26
139
45
42
193
27
122
552
-1
111
333
318
37
288
-1
57
22
45
185
377
44
153
76
134
48
30
135
67
117
47
42
167
216
147
-1
35
-1
110
37
207
38
89
38
-1
140
200
-1
39
17
20
15
138
26
435
-1
77
70
69
43
67
193
49
123
208
72
106
199
-1
65
156
39
156
50
93
44
-1
298
214
360
-1
217
90
99
315
-1
343
545
-1
151
31
-1
71
253
-1
31
50
89
95
56
76
129
104
454
70
-1
21
124
-1
31
200
334
333
-1
296
-1
