28
35
19
32
80
-1
42
14
148
110
47
48
-1
67
-1
26
75
15
393
40
70
138
469
-1
55
-1
322
115
229
56
108
130
25
320
81
-1
113
81
222
84
-1
61
-1
135
93
119
86
202
215
31
20
114
195
115
151
47
29
-1
242
524
18
22
24
46
106
66
-1
-1
-1
66
85
82
43
36
51
121
-1
94
41
322
-1
71
32
21
15
47
72
-1
58
64
218
24
28
31
43
-1
80
203
18
48
50
15
-1
36
22
71
69
50
-1
271
94
90
122
71
34
40
-1
71
598
59
42
-1
172
357
154
-1
-1
-1
258
46
47
25
45
67
96
40
118
43
16
77
39
99
31
76
-1
101
302
216
44
75
45
96
58
295
58
17
24
128
55
-1
56
85
213
95
82
38
66
-1
120
93
-1
80
215
87
-1
-1
81
-1
101
376
-1
-1
39
74
58
-1
-1
69
37
64
51
59
-1
109
129
49
135
129
72
150
-1
45
-1
34
123
417
-1
75
-1
31
-1
-1
100
277
123
259
95
124
92
18
-1
58
60
40
82
-1
42
95
55
17
74
-1
68
185
46
110
26
-1
-1
78
-1
165
129
92
205
52
29
67
88
-1
169
62
-1
-1
94
191
319
196
-1
66
57
-1
93
-1
49
-1
73
18
24
179
46
91
-1
157
33
-1
15
40
49
261
68
-1
-1
42
33
-1
36
129
102
56
296
24
22
50
34
14
44
35
-1
-1
