61
321
440
-1
14
-1
99
354
452
-1
504
32
-1
-1
333
-1
-1
-1
-1
84
-1
244
77
29
-1
28
347
212
-1
-1
-1
48
97
150
-1
-1
-1
-1
164
48
184
79
251
-1
-1
309
-1
95
-1
144
-1
201
-1
356
-1
172
70
440
52
-1
381
174
36
-1
-1
-1
-1
-1
-1
84
544
159
-1
189
14
-1
330
142
539
-1
388
-1
-1
463
537
92
-1
-1
16
174
207
-1
-1
291
-1
242
134
479
15
445
488
80
290
111
14
188
110
208
165
-1
198
195
347
-1
434
418
-1
126
499
373
-1
-1
17
-1
353
77
-1
-1
-1
-1
-1
334
-1
141
-1
190
428
264
50
180
-1
-1
372
70
519
-1
-1
93
-1
322
-1
14
167
-1
-1
101
223
-1
393
49
-1
574
51
-1
75
-1
14
119
418
-1
-1
-1
-1
-1
-1
-1
68
156
129
-1
417
-1
-1
293
-1
-1
575
153
-1
21
53
-1
280
-1
101
511
-1
224
-1
-1
-1
55
244
-1
476
-1
-1
285
-1
-1
-1
-1
198
66
-1
16
291
-1
-1
314
125
-1
253
316
286
-1
-1
325
406
325
-1
-1
375
130
139
67
-1
-1
323
256
220
386
103
73
14
-1
-1
161
457
14
170
-1
-1
-1
184
255
145
67
-1
79
-1
-1
215
14
338
189
-1
-1
15
513
-1
48
-1
-1
-1
-1
83
-1
175
-1
-1
60
-1
183
-1
81
-1
102
196
-1
60
41
-1
-1
127
153
284
-1
-1
-1
