31
43
207
104
57
437
27
99
142
-1
63
56
114
216
92
130
43
178
-1
25
194
187
113
-1
48
109
155
-1
130
314
-1
498
-1
190
16
128
-1
68
311
-1
195
69
379
17
72
37
-1
95
312
323
154
77
64
101
101
268
137
122
192
95
146
441
76
49
-1
25
72
506
-1
94
53
195
107
272
-1
162
19
68
49
80
41
189
370
49
127
84
47
41
-1
155
227
578
-1
51
91
48
-1
107
279
374
504
38
201
306
42
-1
163
58
231
-1
-1
-1
185
22
58
-1
214
20
132
40
-1
-1
599
93
14
203
-1
98
-1
-1
22
560
187
204
78
242
-1
37
156
-1
45
198
43
201
-1
221
-1
178
20
-1
20
48
44
50
34
77
17
-1
99
-1
56
179
57
83
522
-1
416
281
49
193
101
48
14
62
64
86
192
64
71
77
84
67
274
595
136
167
451
107
139
-1
61
122
127
-1
49
120
-1
91
47
-1
-1
322
248
232
84
125
149
393
70
121
-1
-1
-1
-1
326
21
64
321
-1
25
51
-1
55
72
99
-1
196
-1
222
55
475
220
403
37
-1
66
-1
44
-1
205
111
185
205
78
38
195
-1
423
170
-1
424
18
110
17
30
106
248
112
51
126
259
330
178
77
113
157
79
192
193
134
118
-1
119
-1
-1
439
-1
146
115
292
491
117
151
-1
98
51
80
310
-1
37
73
38
162
-1
-1
89
14
163
-1
-1
