18
104
163
64
85
-1
-1
195
21
284
21
-1
363
70
104
-1
358
50
-1
179
47
72
113
42
163
153
-1
111
129
38
-1
180
-1
51
46
84
32
111
508
244
59
35
45
195
229
70
217
-1
40
170
64
254
370
142
-1
33
312
64
98
44
52
134
42
485
42
171
103
115
125
74
301
50
-1
168
31
49
199
-1
41
73
95
41
136
106
-1
175
245
23
17
145
-1
-1
120
122
47
235
-1
-1
71
61
252
104
78
-1
312
163
-1
22
90
17
192
187
27
574
85
-1
356
101
231
208
424
346
166
46
120
44
454
15
278
301
43
519
201
112
83
16
85
14
95
138
22
-1
117
22
115
91
138
174
39
42
-1
242
-1
39
64
-1
73
-1
-1
400
-1
45
131
68
209
40
188
449
106
36
62
89
-1
62
49
-1
47
138
55
73
-1
37
301
113
75
-1
102
-1
199
114
103
26
15
92
75
214
107
47
167
32
65
129
87
217
26
-1
194
65
38
-1
40
107
201
92
130
21
50
-1
335
218
31
219
-1
69
-1
33
-1
54
58
159
-1
47
92
42
-1
56
-1
391
-1
40
14
15
63
231
228
-1
164
-1
86
62
218
-1
-1
61
51
16
252
48
491
-1
76
73
113
530
135
218
233
315
-1
-1
377
23
29
26
-1
160
-1
15
72
18
-1
21
559
63
34
68
-1
-1
32
163
100
164
67
39
77
196
304
147
-1
-1
