113
187
188
314
164
129
351
61
-1
47
79
196
180
-1
580
265
35
-1
187
-1
199
153
-1
338
76
64
130
43
-1
46
279
102
135
-1
95
375
125
41
55
351
91
200
-1
183
63
136
49
368
-1
277
153
137
94
145
55
288
49
73
-1
47
29
-1
-1
150
199
178
121
121
-1
-1
220
-1
-1
115
269
43
82
-1
141
140
-1
142
84
249
228
189
-1
-1
495
255
-1
62
129
-1
584
155
176
203
203
84
271
-1
88
239
114
382
278
197
-1
-1
115
-1
24
115
-1
401
202
-1
-1
239
23
304
-1
85
48
56
326
63
520
55
63
67
24
44
120
85
-1
59
74
67
227
104
85
260
194
54
121
243
214
35
203
67
-1
66
125
250
86
586
-1
-1
-1
356
-1
382
354
155
131
14
159
35
85
187
-1
-1
123
526
-1
-1
55
218
70
208
122
531
346
310
-1
188
226
120
-1
-1
71
151
115
-1
-1
336
588
128
65
101
-1
54
-1
455
135
148
266
95
330
-1
60
56
103
-1
65
278
-1
31
34
-1
86
250
-1
179
-1
-1
-1
72
-1
-1
46
254
-1
324
91
25
67
115
451
51
22
79
19
-1
225
25
32
16
25
-1
58
198
-1
162
197
161
18
266
269
250
22
64
366
118
-1
59
154
-1
337
407
129
53
76
-1
211
-1
138
150
63
413
277
58
-1
15
38
15
110
242
118
-1
28
190
229
272
-1
26
115
439
